m_urn,emo_anger,emo_disgust,emo_fear,emo_happiness,emo_neutral,emo_sadness,emo_surprise
urn:li:member:149435456,0.766,0.007,0.007,99.035,0.086,0.007,0.091
urn:li:member:229333701,0.008,0.359,0.008,93.705,5.824,0.009,0.088
urn:li:member:40477324,0.0,0.0,0.0,99.093,0.907,0.0,0.0
urn:li:member:21247690,0.0,0.0,0.0,99.986,0.013,0.0,0.001
urn:li:member:242690712,0.0,0.0,0.0,99.941,0.059,0.0,0.0
urn:li:member:13199963,0.003,0.003,0.003,99.549,0.367,0.022,0.054
urn:li:member:24792486,0.198,0.068,37.998,54.314,0.105,7.153,0.164
urn:li:member:84059796,0.0,0.0,0.0,99.998,0.001,0.0,0.001
urn:li:member:47179431,0.015,0.018,0.106,44.044,55.759,0.024,0.035
urn:li:member:218025869,0.266,0.035,15.784,0.046,5.038,0.035,78.797
urn:li:member:1879318,0.001,0.001,0.333,99.651,0.001,0.002,0.011
urn:li:member:21795435,0.116,0.011,0.011,91.616,8.106,0.011,0.129
urn:li:member:283982908,0.003,0.048,0.003,0.975,98.81,0.003,0.158
urn:li:member:1532766,0.0,0.0,0.0,100.0,0.0,0.0,0.0
urn:li:member:186396979,0.0,0.001,0.015,99.983,0.0,0.0,0.0
urn:li:member:24908241,0.002,0.005,0.0,99.94,0.052,0.0,0.0
urn:li:member:21696284,0.001,0.001,0.001,0.402,99.582,0.003,0.012
urn:li:member:10547356,0.079,0.252,0.079,10.045,69.031,0.079,20.435
urn:li:member:159777730,0.0,0.0,0.0,100.0,0.0,0.0,0.0
urn:li:member:31209534,0.209,0.963,0.15,23.189,59.335,0.105,16.05
urn:li:member:16804582,0.235,0.001,0.135,99.567,0.001,0.06,0.001
urn:li:member:101909087,0.001,0.002,0.001,2.882,97.114,0.001,0.001
urn:li:member:85576595,0.004,0.521,0.004,97.842,0.004,1.621,0.004
urn:li:member:14121021,0.0,0.0,0.0,99.979,0.021,0.0,0.0
urn:li:member:46111897,0.0,0.0,0.0,100.0,0.0,0.0,0.0
urn:li:member:5341427,58.495,25.182,1.338,0.575,14.336,0.031,0.043
urn:li:member:6898651,0.0,0.0,0.0,100.0,0.0,0.0,0.0
urn:li:member:42001391,0.016,0.071,0.016,0.562,98.326,0.625,0.383
urn:li:member:154621,0.004,0.004,0.004,99.566,0.029,0.338,0.053
urn:li:member:480707795,0.0,0.0,0.001,99.989,0.004,0.001,0.005
urn:li:member:2983031,0.005,0.46,0.005,27.43,72.091,0.005,0.005
urn:li:member:158613083,0.0,0.003,0.0,99.985,0.011,0.0,0.0
urn:li:member:116669284,0.001,0.003,0.03,99.965,0.0,0.0,0.001
urn:li:member:42305978,0.0,0.0,0.023,99.976,0.0,0.0,0.001
urn:li:member:100306125,1.722,0.007,0.247,97.191,0.005,0.822,0.005
urn:li:member:138557403,0.001,0.0,0.0,99.995,0.004,0.0,0.0
urn:li:member:17444339,0.035,0.1,0.035,97.988,0.399,1.081,0.363
urn:li:member:154638431,0.014,0.014,0.014,0.552,88.849,5.038,5.519
urn:li:member:6455206,10.155,2.254,1.13,0.147,85.273,0.957,0.084
urn:li:member:24966215,0.014,97.114,0.005,0.088,1.327,1.446,0.005
urn:li:member:3820522,0.071,0.005,0.021,99.87,0.012,0.005,0.016
urn:li:member:5498735,0.003,0.017,0.006,97.981,1.78,0.21,0.003
urn:li:member:2702672,0.002,0.0,0.0,0.677,99.319,0.0,0.0
urn:li:member:1090350,0.157,0.068,0.257,1.423,62.503,0.071,35.521
urn:li:member:91345898,0.0,0.0,0.0,100.0,0.0,0.0,0.0
urn:li:member:31833116,0.057,0.0,0.001,99.858,0.0,0.082,0.0
urn:li:member:23113746,0.004,0.079,0.028,0.034,0.215,99.625,0.015
urn:li:member:3845740,0.0,0.0,0.0,99.963,0.0,0.01,0.026
urn:li:member:24877080,0.023,0.026,0.017,99.838,0.028,0.007,0.061
urn:li:member:147592966,2.027,0.164,0.164,1.97,90.621,3.025,2.029
urn:li:member:372531,0.006,83.132,0.005,15.797,1.05,0.005,0.005
urn:li:member:65398612,0.001,0.002,0.001,99.926,0.069,0.001,0.001
urn:li:member:11404065,0.0,0.0,0.0,99.994,0.005,0.0,0.0
urn:li:member:25239075,0.031,0.001,0.031,99.935,0.001,0.001,0.001
urn:li:member:86971604,0.004,0.068,0.025,97.704,2.161,0.035,0.004
urn:li:member:69595382,93.041,0.504,0.05,3.612,2.735,0.029,0.029
urn:li:member:3231058,0.0,0.011,0.0,99.988,0.0,0.0,0.0
urn:li:member:105834790,0.05,0.001,0.001,99.873,0.001,0.001,0.074
urn:li:member:158971528,0.001,66.791,0.001,33.072,0.133,0.001,0.001
urn:li:member:54595120,0.082,0.16,7.553,90.142,0.512,1.355,0.195
urn:li:member:8283083,0.003,0.269,0.438,99.206,0.003,0.061,0.019
urn:li:member:100951344,0.037,12.919,0.1,0.342,8.117,78.448,0.037
urn:li:member:53594141,0.039,0.008,0.026,0.22,98.072,1.627,0.008
urn:li:member:17552893,0.0,0.0,0.0,100.0,0.0,0.0,0.0
urn:li:member:40171800,0.008,0.007,0.007,98.844,0.007,0.384,0.743
urn:li:member:1550137,0.001,0.132,0.042,99.797,0.001,0.001,0.026
urn:li:member:1170724,0.0,0.001,0.0,0.01,99.989,0.0,0.0
urn:li:member:11105192,0.0,0.0,0.0,99.984,0.0,0.005,0.009
urn:li:member:230968860,0.014,0.025,0.007,83.475,16.459,0.007,0.013
urn:li:member:124676237,0.0,0.024,0.0,99.976,0.0,0.0,0.0
urn:li:member:97278338,0.0,0.0,0.002,99.997,0.0,0.0,0.001
urn:li:member:64278544,0.0,0.0,0.0,100.0,0.0,0.0,0.0
urn:li:member:239316135,0.012,0.014,2.039,0.615,7.209,90.098,0.012
urn:li:member:5694882,0.658,71.751,0.03,27.334,0.061,0.136,0.03
urn:li:member:10293152,0.01,0.01,0.01,0.01,24.966,0.246,74.747
urn:li:member:87073592,0.113,0.316,0.058,37.585,61.119,0.058,0.75
urn:li:member:35344696,0.002,0.022,0.017,3.799,96.157,0.002,0.002
urn:li:member:12942701,18.747,0.017,0.417,0.017,80.567,0.219,0.017
urn:li:member:32888110,0.005,0.02,0.123,99.248,0.559,0.033,0.011
urn:li:member:6802670,0.002,0.008,0.0,99.984,0.002,0.0,0.002
urn:li:member:513526,0.0,0.0,0.0,100.0,0.0,0.0,0.0
urn:li:member:139366364,0.002,0.056,0.176,99.425,0.002,0.336,0.002
urn:li:member:10754003,0.0,0.004,0.0,99.967,0.003,0.002,0.023
urn:li:member:66918,0.0,0.006,0.0,99.994,0.0,0.0,0.0
urn:li:member:99549278,0.002,0.002,0.002,12.498,87.491,0.002,0.003
urn:li:member:34119363,0.0,0.0,0.001,99.995,0.0,0.001,0.003
urn:li:member:21062839,0.0,0.0,0.01,99.988,0.0,0.001,0.0
urn:li:member:32120722,0.0,0.0,0.0,99.999,0.0,0.001,0.0
urn:li:member:75968497,0.009,0.025,0.694,99.047,0.207,0.009,0.009
urn:li:member:3004,0.0,0.0,0.0,99.999,0.0,0.0,0.001
urn:li:member:3542018,0.042,0.254,0.042,1.088,58.617,0.042,39.914
urn:li:member:10255325,3.343,3.984,66.396,2.721,0.148,23.17,0.237
urn:li:member:61481684,0.0,0.002,0.0,99.998,0.0,0.0,0.0
urn:li:member:19646536,0.007,0.084,12.014,87.884,0.004,0.004,0.004
urn:li:member:242707540,0.0,0.001,0.0,99.998,0.0,0.0,0.0
urn:li:member:67312981,0.0,0.0,0.0,0.0,99.995,0.0,0.004
urn:li:member:236952783,0.001,0.001,0.001,49.765,50.229,0.003,0.001
urn:li:member:13888058,0.0,0.0,0.001,99.995,0.0,0.003,0.0
urn:li:member:10460759,0.0,0.0,0.0,99.988,0.012,0.0,0.0
urn:li:member:7605808,0.193,0.018,0.024,96.603,0.815,2.331,0.018
urn:li:member:16187178,1.37,80.497,0.195,14.004,0.195,0.195,3.545
urn:li:member:7253113,3.224,3.536,24.764,59.409,0.524,8.419,0.123
urn:li:member:185634643,0.001,0.01,0.001,99.937,0.039,0.008,0.005
urn:li:member:2307004,3.006,94.691,0.016,2.22,0.006,0.054,0.006
urn:li:member:108443043,0.0,0.0,0.0,100.0,0.0,0.0,0.0
urn:li:member:3407867,0.098,0.146,0.003,99.562,0.003,0.185,0.003
urn:li:member:7694960,0.001,0.001,0.0,99.997,0.001,0.001,0.0
urn:li:member:298522364,0.0,0.001,0.011,99.986,0.0,0.0,0.001
urn:li:member:8425313,0.017,0.055,0.009,14.3,85.456,0.149,0.013
urn:li:member:115601422,0.001,0.001,0.024,99.954,0.001,0.017,0.001
urn:li:member:71679226,0.0,0.006,0.0,99.99,0.0,0.0,0.004
urn:li:member:87050505,0.01,1.583,0.043,98.328,0.01,0.01,0.014
urn:li:member:17857755,0.032,0.055,0.035,99.831,0.03,0.006,0.012
urn:li:member:29791326,0.005,0.132,0.004,99.761,0.004,0.066,0.028
urn:li:member:126961764,0.0,0.0,0.0,99.992,0.005,0.0,0.003
urn:li:member:4660262,0.002,0.002,0.002,87.04,12.847,0.104,0.002
urn:li:member:6754276,0.0,0.001,0.0,99.999,0.0,0.0,0.0
urn:li:member:3396732,0.0,0.001,0.0,99.947,0.043,0.006,0.003
urn:li:member:60618215,0.0,0.0,0.0,100.0,0.0,0.0,0.0
urn:li:member:225510910,0.001,0.008,0.001,99.989,0.0,0.0,0.0
urn:li:member:21633329,0.034,0.133,0.297,0.034,32.859,0.034,66.607
urn:li:member:6367286,28.261,0.189,0.189,0.254,10.442,0.189,60.477
urn:li:member:382068939,0.161,97.494,0.033,0.353,1.335,0.55,0.075
urn:li:member:2382403,0.0,0.0,0.0,100.0,0.0,0.0,0.0
urn:li:member:13610301,0.016,2.772,0.016,9.208,13.231,74.742,0.016
urn:li:member:419081,0.393,2.822,6.859,17.948,70.088,1.208,0.682
urn:li:member:7312590,0.007,0.131,0.055,99.753,0.039,0.01,0.005
urn:li:member:19496343,0.003,0.005,0.003,63.212,36.673,0.003,0.103
urn:li:member:206866,6.66,0.012,0.012,84.731,8.561,0.012,0.012
urn:li:member:4592614,0.0,0.093,0.0,99.903,0.003,0.0,0.0
urn:li:member:41192532,0.021,0.002,0.004,99.972,0.0,0.0,0.0
urn:li:member:19221421,0.006,0.011,0.006,0.512,95.676,0.006,3.784
urn:li:member:454853507,0.001,0.0,0.001,99.993,0.004,0.0,0.001
urn:li:member:12070921,0.0,0.853,0.0,99.146,0.0,0.0,0.001
urn:li:member:45773615,0.596,0.035,0.034,1.596,97.671,0.034,0.034
urn:li:member:139182161,0.003,0.116,0.003,89.452,10.401,0.003,0.023
urn:li:member:193252816,0.012,0.016,0.012,0.458,98.487,0.013,1.001
urn:li:member:14088691,0.101,60.183,0.733,16.856,15.973,4.378,1.776
urn:li:member:6565592,0.0,0.232,0.0,0.121,99.646,0.0,0.0
urn:li:member:17091271,0.529,0.018,0.038,99.321,0.03,0.048,0.015
urn:li:member:590239703,0.0,0.0,0.0,100.0,0.0,0.0,0.0
urn:li:member:82095361,0.001,0.007,0.001,99.742,0.019,0.23,0.001
urn:li:member:30732220,0.101,0.005,0.005,99.829,0.011,0.044,0.005
urn:li:member:193852426,0.0,0.004,0.0,99.994,0.0,0.0,0.001
urn:li:member:130670332,0.007,3.796,0.007,96.143,0.027,0.011,0.01
urn:li:member:24553630,0.776,0.017,0.017,30.96,66.058,0.017,2.156
urn:li:member:59976328,0.0,0.067,0.0,99.93,0.002,0.0,0.0
urn:li:member:57650945,0.733,0.504,0.072,92.99,1.392,4.086,0.223
urn:li:member:24851768,0.0,0.0,0.001,99.999,0.0,0.0,0.0
urn:li:member:32330,1.582,12.801,0.055,82.825,1.801,0.099,0.837
urn:li:member:7560092,0.0,0.036,0.0,99.91,0.051,0.0,0.001
urn:li:member:230067906,0.371,0.003,98.357,0.087,1.083,0.003,0.095
urn:li:member:13064916,0.012,0.484,0.886,98.574,0.005,0.034,0.005
urn:li:member:111180990,0.001,0.001,0.003,99.885,0.001,0.001,0.109
urn:li:member:12596202,0.0,0.001,0.0,99.987,0.0,0.009,0.003
urn:li:member:55350201,0.018,0.02,0.003,99.935,0.003,0.017,0.003
urn:li:member:10723448,0.0,0.0,0.064,99.766,0.0,0.0,0.169
urn:li:member:106143766,0.0,0.004,0.003,99.99,0.0,0.0,0.003
urn:li:member:4101709,0.0,0.0,0.0,97.004,2.882,0.0,0.113
urn:li:member:42885384,0.0,0.0,0.0,0.451,99.549,0.0,0.0
urn:li:member:102496183,0.011,0.011,0.023,1.395,94.984,0.503,3.073
urn:li:member:46011921,0.0,0.0,0.001,99.998,0.0,0.0,0.0
urn:li:member:3072570,0.0,0.001,0.0,99.998,0.001,0.0,0.0
urn:li:member:7591797,0.01,0.006,0.025,81.215,16.461,0.006,2.278
urn:li:member:3642425,0.002,0.0,0.001,99.995,0.002,0.0,0.0
urn:li:member:175011710,0.031,0.005,0.026,99.789,0.002,0.134,0.013
urn:li:member:231715763,0.001,0.021,0.001,99.499,0.435,0.043,0.001
urn:li:member:182837358,0.01,0.042,0.0,99.934,0.001,0.0,0.012
urn:li:member:4061200,0.0,0.0,0.0,0.099,99.897,0.001,0.002
urn:li:member:111264467,0.0,0.0,0.0,99.999,0.0,0.0,0.0
urn:li:member:4750580,0.003,0.003,0.003,53.604,46.352,0.031,0.003
urn:li:member:4349261,0.019,0.005,0.005,32.597,67.363,0.007,0.005
urn:li:member:2325600,0.0,0.0,0.0,100.0,0.0,0.0,0.0
urn:li:member:14329684,0.001,0.002,0.002,99.61,0.099,0.285,0.001
urn:li:member:3119336,0.0,0.0,0.0,100.0,0.0,0.0,0.0
urn:li:member:32857572,0.003,4.958,0.137,94.845,0.003,0.003,0.051
urn:li:member:118400757,0.001,0.019,0.001,99.977,0.001,0.001,0.001
urn:li:member:47940214,0.042,0.002,0.002,0.12,99.495,0.002,0.335
urn:li:member:158662900,0.001,0.08,0.001,99.235,0.591,0.092,0.001
urn:li:member:7253967,0.0,0.0,0.0,99.992,0.001,0.0,0.005
urn:li:member:3303781,0.006,0.006,0.054,98.365,0.006,0.006,1.556
urn:li:member:155391647,0.006,0.006,0.013,45.432,54.527,0.006,0.011
urn:li:member:36013363,0.0,0.0,0.0,99.999,0.0,0.0,0.0
urn:li:member:19457093,0.0,0.0,0.0,99.998,0.0,0.001,0.001
urn:li:member:16395623,0.0,0.001,0.0,99.999,0.0,0.0,0.0
urn:li:member:62510409,0.0,0.0,0.0,100.0,0.0,0.0,0.0
urn:li:member:173366652,0.0,0.006,5.405,94.588,0.0,0.0,0.0
urn:li:member:6536969,0.0,0.477,0.0,99.517,0.0,0.001,0.005
urn:li:member:14998855,0.001,0.009,0.03,99.951,0.001,0.001,0.007
urn:li:member:6607260,0.013,0.004,0.004,20.599,79.365,0.004,0.012
urn:li:member:3886747,0.673,0.058,0.058,61.102,37.293,0.058,0.758
urn:li:member:6167147,0.496,0.774,0.075,3.325,94.728,0.526,0.075
urn:li:member:132690245,0.003,0.641,0.003,19.19,80.004,0.003,0.155
urn:li:member:96565344,0.002,0.226,0.002,0.015,99.677,0.002,0.077
urn:li:member:49854648,0.001,0.001,0.001,0.014,99.967,0.005,0.01
urn:li:member:12027295,0.0,0.001,0.0,99.999,0.0,0.0,0.0
urn:li:member:37419829,0.001,0.005,0.008,99.986,0.0,0.001,0.0
urn:li:member:29906566,0.0,0.0,0.0,100.0,0.0,0.0,0.0
urn:li:member:68944012,0.039,0.003,0.001,99.068,0.001,0.886,0.001
urn:li:member:6312323,0.0,0.0,0.0,100.0,0.0,0.0,0.0
urn:li:member:69183315,0.0,0.0,0.0,99.996,0.001,0.003,0.0
urn:li:member:3800619,0.002,0.009,0.001,99.987,0.0,0.0,0.0
urn:li:member:271434505,0.093,0.619,0.014,98.846,0.045,0.014,0.369
urn:li:member:7131906,0.16,92.438,0.019,7.141,0.127,0.097,0.019
urn:li:member:10550788,0.0,0.0,0.0,100.0,0.0,0.0,0.0
urn:li:member:122652218,0.034,0.003,0.003,99.881,0.065,0.013,0.003
urn:li:member:12772737,0.001,1.414,0.001,98.399,0.066,0.118,0.001
urn:li:member:18568766,0.0,0.0,0.0,100.0,0.0,0.0,0.0
urn:li:member:63035114,0.005,1.028,0.008,93.666,5.282,0.005,0.005
urn:li:member:8180676,0.0,0.0,0.0,99.998,0.001,0.0,0.0
urn:li:member:3854814,0.207,0.005,0.005,79.281,20.474,0.005,0.023
urn:li:member:4621171,0.002,0.201,0.011,99.771,0.002,0.004,0.009
urn:li:member:10066348,0.017,0.003,0.003,99.249,0.462,0.003,0.263
urn:li:member:13020675,0.0,0.0,0.0,99.997,0.002,0.0,0.0
urn:li:member:27347158,0.0,0.001,0.0,99.996,0.003,0.0,0.0
urn:li:member:46696832,0.009,0.275,0.015,6.19,87.397,0.009,6.107
urn:li:member:2434824,0.006,0.006,0.091,9.205,90.681,0.006,0.006
urn:li:member:194747679,0.197,0.606,0.59,27.345,71.06,0.102,0.102
urn:li:member:1322755,0.068,0.003,0.019,99.907,0.001,0.001,0.001
urn:li:member:139283928,0.001,0.0,0.001,99.996,0.0,0.0,0.001
urn:li:member:71027694,0.0,0.017,0.0,99.982,0.0,0.0,0.0
urn:li:member:20235792,0.057,0.057,0.057,4.928,90.005,4.839,0.057
urn:li:member:131661068,0.001,0.005,0.001,98.592,0.003,1.398,0.001
urn:li:member:16166929,0.031,0.004,0.015,15.443,84.487,0.016,0.004
urn:li:member:50931542,0.0,0.001,0.0,98.423,1.572,0.003,0.001
urn:li:member:14464610,0.075,18.614,0.204,36.105,0.075,44.838,0.089
urn:li:member:101917869,0.0,0.0,0.0,99.999,0.0,0.0,0.0
urn:li:member:1619196,0.007,0.007,0.007,2.55,97.355,0.036,0.039
urn:li:member:13295176,0.014,0.002,0.003,99.98,0.001,0.001,0.001
urn:li:member:11907401,0.024,0.028,0.324,99.007,0.012,0.052,0.552
urn:li:member:25153686,0.0,0.0,0.0,100.0,0.0,0.0,0.0
urn:li:member:23572556,0.005,0.158,0.01,96.487,3.311,0.024,0.005
urn:li:member:47847704,0.0,0.001,0.0,99.999,0.0,0.0,0.0
urn:li:member:283246290,0.001,0.001,0.001,99.956,0.026,0.001,0.015
urn:li:member:15572894,0.002,0.006,0.014,99.891,0.002,0.082,0.003
urn:li:member:133910834,0.633,1.61,0.377,96.972,0.023,0.023,0.363
urn:li:member:7315057,7.621,0.609,2.511,13.095,44.777,30.176,1.211
urn:li:member:110331172,0.064,0.095,0.064,91.804,3.964,0.064,3.943
urn:li:member:7538968,12.271,0.015,0.016,87.64,0.023,0.021,0.015
urn:li:member:11468397,0.0,0.033,0.0,99.961,0.0,0.004,0.0
urn:li:member:143683822,0.001,0.0,0.013,99.985,0.0,0.0,0.001
urn:li:member:16884784,0.0,0.0,0.0,99.998,0.001,0.0,0.0
urn:li:member:52084952,0.434,0.146,31.315,0.146,43.865,19.497,4.597
urn:li:member:7353422,0.012,0.012,0.012,95.139,2.057,0.012,2.754
urn:li:member:74373444,0.0,0.097,0.0,99.903,0.0,0.0,0.0
urn:li:member:113489739,2.696,0.172,0.172,0.516,89.047,0.652,6.744
urn:li:member:25339559,0.066,0.022,0.001,0.009,99.747,0.001,0.154
urn:li:member:13534262,4.173,35.864,0.017,57.776,2.136,0.017,0.017
urn:li:member:21241682,0.005,3.234,0.005,96.522,0.218,0.012,0.005
urn:li:member:17623484,0.451,25.329,0.012,73.22,0.11,0.012,0.866
urn:li:member:78429115,0.0,0.021,0.0,99.977,0.0,0.0,0.002
urn:li:member:20209962,0.01,0.003,0.003,24.458,75.519,0.003,0.004
urn:li:member:214836362,0.017,32.147,0.017,66.914,0.075,0.335,0.494
urn:li:member:77655887,0.03,0.112,0.281,0.364,40.687,0.03,58.498
urn:li:member:107007325,0.069,0.19,0.365,78.764,0.037,20.538,0.037
urn:li:member:187448889,0.004,0.004,0.249,98.654,0.004,1.002,0.083
urn:li:member:10923126,0.312,0.047,0.079,2.673,96.416,0.366,0.107
urn:li:member:76117102,0.0,0.129,0.0,0.0,99.835,0.034,0.0
urn:li:member:288599693,0.008,0.134,0.008,94.699,0.239,4.861,0.052
urn:li:member:7184877,0.001,0.0,0.0,99.952,0.002,0.045,0.0
urn:li:member:53715494,0.07,0.001,0.0,99.928,0.0,0.0,0.0
urn:li:member:62707538,0.004,0.018,0.148,99.743,0.004,0.004,0.079
urn:li:member:25488199,0.189,0.003,0.008,99.493,0.299,0.004,0.004
urn:li:member:4351398,0.004,0.034,0.004,7.811,92.108,0.03,0.009
urn:li:member:15678940,0.028,0.076,0.002,99.633,0.26,0.0,0.0
urn:li:member:50985438,0.013,1.897,0.018,97.881,0.013,0.013,0.166
urn:li:member:15273756,0.003,0.001,0.004,66.723,33.267,0.001,0.001
urn:li:member:84777206,3.103,0.003,0.003,95.677,1.193,0.003,0.018
urn:li:member:1784635,0.0,0.0,0.027,99.973,0.0,0.0,0.0
urn:li:member:671916,0.879,94.904,0.001,0.006,0.001,0.001,4.208
urn:li:member:59536658,0.001,0.0,0.0,0.005,99.989,0.005,0.0
urn:li:member:60054662,0.641,0.023,0.005,99.315,0.006,0.005,0.005
urn:li:member:25843740,0.0,0.038,0.001,99.95,0.005,0.0,0.005
urn:li:member:8779383,0.007,0.002,0.0,0.026,99.964,0.0,0.0
urn:li:member:2047927,0.0,0.0,0.002,99.998,0.0,0.0,0.0
urn:li:member:76386394,0.0,0.0,0.0,99.891,0.096,0.011,0.0
urn:li:member:48222764,0.015,0.065,0.003,99.914,0.001,0.001,0.001
urn:li:member:25161596,0.115,1.071,0.669,88.512,0.222,0.115,9.295
urn:li:member:807777,0.004,0.004,0.081,98.691,1.203,0.004,0.015
urn:li:member:2191053,0.075,1.297,1.798,63.679,0.619,32.006,0.526
urn:li:member:671368,4.865,0.024,0.087,92.714,2.263,0.023,0.023
urn:li:member:588722,0.001,0.037,0.0,99.951,0.0,0.011,0.0
urn:li:member:853405,0.0,0.0,0.0,99.998,0.0,0.001,0.0
urn:li:member:3510054,1.3,0.054,0.016,94.969,0.016,3.628,0.016
urn:li:member:12731123,0.001,0.006,0.001,99.293,0.002,0.656,0.041
urn:li:member:52628133,0.0,0.0,0.0,100.0,0.0,0.0,0.0
urn:li:member:49462897,0.001,0.013,0.0,5.305,94.663,0.0,0.017
urn:li:member:128035102,2.135,0.095,0.046,4.016,93.204,0.441,0.063
urn:li:member:13541729,0.048,0.022,0.022,94.124,5.529,0.022,0.232
urn:li:member:47371769,0.044,21.255,0.156,74.041,4.381,0.08,0.044
urn:li:member:4514075,0.0,0.001,0.0,99.999,0.0,0.0,0.0
urn:li:member:2129868,0.0,0.0,0.0,99.998,0.002,0.001,0.0
urn:li:member:2815948,0.003,0.119,0.013,99.862,0.001,0.001,0.001
urn:li:member:9172227,3.871,0.111,0.111,85.272,7.35,3.173,0.111
urn:li:member:7427550,0.007,0.198,0.766,97.031,1.398,0.592,0.007
urn:li:member:38928551,0.007,0.007,0.007,52.601,47.009,0.028,0.34
urn:li:member:212350190,0.0,0.0,0.0,100.0,0.0,0.0,0.0
urn:li:member:23173346,0.044,1.275,6.593,91.115,0.884,0.044,0.044
urn:li:member:65994374,0.0,0.0,0.005,99.995,0.0,0.0,0.001
urn:li:member:299332852,0.0,0.0,0.001,99.994,0.0,0.004,0.0
urn:li:member:3459716,0.169,4.141,10.844,1.645,0.225,82.338,0.638
urn:li:member:170309,1.601,1.149,0.092,5.925,91.0,0.092,0.141
urn:li:member:192263,0.016,0.019,0.016,0.024,34.519,0.016,65.391
urn:li:member:75098244,0.0,0.001,0.001,99.998,0.0,0.0,0.0
urn:li:member:38844529,0.002,0.0,0.0,99.996,0.0,0.001,0.002
urn:li:member:1071514,0.0,0.0,0.0,99.995,0.0,0.0,0.005
urn:li:member:63175832,0.024,0.018,0.018,80.719,18.981,0.222,0.019
urn:li:member:41798239,0.001,0.0,0.0,0.0,99.999,0.0,0.0
urn:li:member:160656546,0.001,0.028,0.004,99.846,0.107,0.002,0.012
urn:li:member:6833316,0.001,0.002,0.001,99.902,0.003,0.091,0.001
urn:li:member:60228832,0.015,0.028,0.003,0.008,99.58,0.364,0.003
urn:li:member:191175645,0.0,0.0,0.0,99.956,0.0,0.044,0.0
urn:li:member:244984318,6.517,0.251,32.458,0.369,31.945,28.319,0.141
urn:li:member:106192296,0.005,0.005,0.305,99.457,0.005,0.005,0.22
urn:li:member:95305369,0.001,0.001,0.038,99.766,0.003,0.001,0.189
urn:li:member:253031702,0.001,0.298,0.001,87.759,11.937,0.002,0.001
urn:li:member:91817050,0.003,0.022,0.036,99.811,0.079,0.046,0.003
urn:li:member:59741127,0.023,0.002,0.002,0.003,99.964,0.006,0.002
urn:li:member:45973067,0.0,0.0,0.252,99.747,0.0,0.001,0.0
urn:li:member:70230848,0.002,0.002,0.002,96.417,3.57,0.002,0.002
urn:li:member:6227101,0.487,0.015,0.009,0.566,98.776,0.137,0.009
urn:li:member:275654667,0.0,0.0,0.0,99.998,0.0,0.002,0.0
urn:li:member:3723255,0.0,0.001,0.0,99.998,0.0,0.0,0.0
urn:li:member:124812404,0.0,0.001,0.0,99.999,0.0,0.0,0.0
urn:li:member:158626723,0.003,0.19,0.28,99.497,0.003,0.003,0.024
urn:li:member:177515028,0.0,0.0,0.0,99.989,0.01,0.0,0.0
urn:li:member:48673006,2.765,1.434,0.321,7.576,87.708,0.098,0.098
urn:li:member:6698728,0.004,0.001,0.001,99.461,0.439,0.093,0.001
urn:li:member:6321947,0.0,0.001,0.0,93.238,6.76,0.0,0.0
urn:li:member:23603575,0.0,0.0,0.0,99.951,0.001,0.046,0.0
urn:li:member:173180757,0.003,0.003,0.003,89.792,8.659,1.307,0.232
urn:li:member:24358,1.48,0.086,0.222,11.345,86.689,0.086,0.093
urn:li:member:18413262,0.03,0.03,0.03,94.917,2.2,2.752,0.043
urn:li:member:63414273,0.01,0.005,0.005,0.214,99.736,0.024,0.007
urn:li:member:265509366,0.068,0.068,28.155,14.033,52.031,5.534,0.11
urn:li:member:100714765,0.023,0.035,0.006,96.458,3.467,0.006,0.006
urn:li:member:153295878,0.0,0.0,0.0,100.0,0.0,0.0,0.0
urn:li:member:23827092,98.826,0.058,0.479,0.027,0.498,0.107,0.005
urn:li:member:597414,0.002,0.027,0.002,99.94,0.007,0.02,0.002
urn:li:member:2959305,0.701,0.02,0.02,97.471,0.022,1.74,0.027
urn:li:member:132382950,0.0,0.011,0.0,0.011,99.923,0.0,0.054
urn:li:member:6167570,0.006,0.002,0.004,0.002,99.877,0.015,0.095
urn:li:member:12198281,0.006,0.005,0.001,0.293,99.691,0.003,0.001
urn:li:member:358863765,0.061,0.005,0.013,77.086,22.825,0.005,0.005
urn:li:member:164811647,0.011,0.004,0.003,99.917,0.003,0.054,0.008
urn:li:member:121947669,0.0,0.0,0.0,99.996,0.004,0.0,0.0
urn:li:member:12394907,0.0,0.0,0.001,99.995,0.0,0.003,0.0
urn:li:member:2880111,0.0,0.0,0.0,100.0,0.0,0.0,0.0
urn:li:member:8884628,0.079,0.003,0.194,99.706,0.004,0.003,0.012
urn:li:member:32583331,0.001,0.027,0.001,98.763,1.194,0.011,0.001
urn:li:member:18997078,0.009,4.446,0.009,91.218,4.301,0.009,0.009
urn:li:member:33986070,0.143,71.837,0.572,6.267,11.126,9.913,0.143
urn:li:member:7076724,0.527,26.853,0.163,1.186,58.464,12.659,0.149
urn:li:member:26515260,0.085,0.008,0.005,99.846,0.043,0.005,0.007
urn:li:member:33924370,0.02,0.221,0.106,29.426,70.171,0.036,0.02
urn:li:member:36013606,0.001,1.743,0.001,97.978,0.269,0.008,0.001
urn:li:member:27263355,0.011,0.001,0.001,99.943,0.038,0.005,0.001
urn:li:member:38883794,0.261,0.014,4.809,94.598,0.251,0.014,0.052
urn:li:member:187915230,0.008,0.311,0.008,0.499,98.918,0.184,0.073
urn:li:member:102946968,0.158,91.149,0.051,8.217,0.025,0.375,0.025
urn:li:member:49118164,0.011,0.069,0.011,93.485,6.23,0.011,0.184
urn:li:member:43034788,0.021,0.061,0.022,99.856,0.006,0.006,0.028
urn:li:member:20849957,0.214,0.172,7.336,4.047,87.763,0.296,0.172
urn:li:member:143993656,0.0,0.004,0.0,91.576,8.418,0.0,0.0
urn:li:member:21104137,0.0,0.0,0.0,99.999,0.0,0.0,0.0
urn:li:member:6276960,0.015,0.847,0.054,98.863,0.191,0.015,0.015
urn:li:member:548796,0.0,0.0,0.0,0.643,6.328,93.027,0.002
urn:li:member:13567660,0.625,0.005,0.041,99.289,0.005,0.005,0.032
urn:li:member:156695996,0.019,0.01,0.418,80.298,0.01,0.01,19.236
urn:li:member:60882198,0.049,0.009,0.075,0.337,99.467,0.053,0.009
urn:li:member:3623964,0.016,0.016,19.434,80.265,0.016,0.057,0.195
urn:li:member:19140527,0.0,0.0,0.0,0.014,99.92,0.061,0.003
urn:li:member:289251276,0.0,0.001,0.0,99.999,0.0,0.0,0.0
urn:li:member:6982171,0.32,0.598,3.082,83.691,0.65,5.183,6.476
urn:li:member:55127835,0.063,0.063,0.334,82.684,6.969,8.139,1.748
urn:li:member:6703833,0.067,0.067,0.881,64.521,34.136,0.067,0.262
urn:li:member:79121956,0.0,0.004,0.0,99.99,0.001,0.0,0.005
urn:li:member:27777622,0.002,0.026,0.14,99.822,0.002,0.003,0.005
urn:li:member:175009823,0.0,0.0,0.0,4.676,95.324,0.0,0.0
urn:li:member:87900259,0.0,0.0,0.0,99.999,0.0,0.0,0.0
urn:li:member:1170646,0.018,0.018,0.018,59.301,39.886,0.194,0.565
urn:li:member:3708571,0.017,0.0,0.0,99.972,0.0,0.0,0.01
urn:li:member:3011477,0.034,1.94,0.231,0.034,97.627,0.1,0.034
urn:li:member:6559429,0.022,0.057,0.018,95.47,2.706,0.018,1.709
urn:li:member:1769263,0.0,0.0,0.003,99.895,0.1,0.0,0.0
urn:li:member:115927745,0.001,0.073,0.037,99.877,0.001,0.008,0.003
urn:li:member:167572299,0.0,0.0,0.0,99.999,0.0,0.0,0.0
urn:li:member:1622080,0.0,0.0,0.0,64.041,35.958,0.0,0.0
urn:li:member:8226337,0.004,0.379,0.004,98.951,0.004,0.148,0.511
urn:li:member:126765,0.011,0.722,0.011,98.256,0.971,0.017,0.011
urn:li:member:11776141,0.999,0.204,3.016,1.812,16.536,77.23,0.204
urn:li:member:11986884,0.0,0.0,0.0,99.997,0.003,0.0,0.0
urn:li:member:5093822,0.033,0.014,0.014,6.57,5.426,87.93,0.014
urn:li:member:23091867,0.002,0.235,0.568,99.187,0.002,0.002,0.005
urn:li:member:7648983,0.0,0.0,0.0,99.959,0.04,0.0,0.001
urn:li:member:101285865,0.001,0.001,0.011,98.514,1.469,0.004,0.001
urn:li:member:64507948,0.02,0.157,0.229,99.478,0.01,0.01,0.097
urn:li:member:3754628,0.003,0.082,0.003,36.172,63.714,0.022,0.003
urn:li:member:27376269,0.223,0.133,0.404,57.281,37.054,1.1,3.805
urn:li:member:20451871,0.0,0.0,0.0,99.991,0.009,0.0,0.0
urn:li:member:73883763,0.0,0.0,0.001,99.999,0.0,0.0,0.0
urn:li:member:87612553,0.019,0.848,0.04,10.539,87.769,0.767,0.019
urn:li:member:10237657,0.001,0.447,0.001,99.535,0.009,0.005,0.001
urn:li:member:10340092,0.0,0.0,0.004,99.991,0.0,0.005,0.0
urn:li:member:12040217,0.0,1.005,0.0,98.97,0.024,0.0,0.0
urn:li:member:13281770,0.042,0.042,3.547,76.561,2.65,0.042,17.114
urn:li:member:12096512,0.0,0.001,0.0,99.969,0.025,0.004,0.0
urn:li:member:169556998,0.058,0.008,0.001,99.917,0.001,0.001,0.013
urn:li:member:9596372,0.001,0.0,0.0,99.997,0.001,0.001,0.0
urn:li:member:7883220,0.004,0.004,0.004,0.087,98.058,1.716,0.126
urn:li:member:55669126,0.001,0.002,0.001,99.913,0.048,0.029,0.005
urn:li:member:69527896,0.022,0.197,0.022,12.507,82.658,0.022,4.573
urn:li:member:169450597,54.018,7.58,2.095,33.871,0.22,1.982,0.234
urn:li:member:140892078,0.046,0.204,0.046,94.24,2.818,2.506,0.139
urn:li:member:6373233,0.131,0.131,1.169,5.308,72.78,20.351,0.131
urn:li:member:57142876,0.003,0.003,0.194,99.604,0.186,0.005,0.003
urn:li:member:152989546,0.002,0.001,0.001,99.429,0.558,0.001,0.007
urn:li:member:17941297,0.017,82.398,0.369,15.335,1.848,0.018,0.017
urn:li:member:37460871,0.0,0.0,0.0,99.999,0.0,0.0,0.0
urn:li:member:45477965,0.006,0.005,0.005,0.081,99.094,0.806,0.005
urn:li:member:13407776,0.023,1.272,13.023,0.023,0.023,81.149,4.488
urn:li:member:109580443,0.001,0.001,0.001,0.183,99.81,0.003,0.003
urn:li:member:46235362,0.003,0.031,0.001,99.961,0.002,0.001,0.002
urn:li:member:13450979,0.103,0.013,1.483,98.282,0.003,0.003,0.115
urn:li:member:81241607,0.0,0.002,0.0,99.994,0.0,0.0,0.003
urn:li:member:156385374,5.854,9.699,0.066,4.539,79.709,0.066,0.066
urn:li:member:3682692,0.0,0.0,0.0,100.0,0.0,0.0,0.0
urn:li:member:768519,0.001,0.025,0.175,99.79,0.001,0.005,0.003
urn:li:member:260596625,0.009,0.019,0.013,2.001,97.939,0.009,0.01
urn:li:member:22882656,0.001,0.001,0.001,76.293,23.689,0.015,0.001
urn:li:member:2640681,0.01,0.009,0.62,0.009,84.403,14.906,0.043
urn:li:member:1313005,0.001,0.003,0.005,98.642,1.347,0.001,0.001
urn:li:member:39712760,0.018,0.114,0.137,3.917,0.018,0.018,95.778
urn:li:member:75022997,0.306,67.413,0.274,20.215,5.29,5.183,1.319
urn:li:member:609392,0.018,0.029,0.018,72.591,26.343,0.018,0.983
urn:li:member:8903167,0.0,0.0,0.0,100.0,0.0,0.0,0.0
urn:li:member:6386477,1.335,16.401,7.897,68.943,0.11,5.204,0.11
urn:li:member:89770635,0.0,0.0,0.0,100.0,0.0,0.0,0.0
urn:li:member:65386988,0.002,0.001,0.002,0.001,99.825,0.001,0.169
urn:li:member:26458505,0.0,0.0,0.0,100.0,0.0,0.0,0.0
urn:li:member:188089360,0.0,0.0,0.0,99.83,0.0,0.17,0.0
urn:li:member:40906078,0.0,0.006,0.0,99.994,0.0,0.0,0.0
urn:li:member:196276793,0.024,0.028,0.0,99.941,0.0,0.0,0.006
urn:li:member:25975759,0.0,0.0,0.0,0.011,99.988,0.0,0.0
urn:li:member:108339927,0.003,0.003,0.041,99.635,0.001,0.001,0.316
urn:li:member:53841100,0.001,0.001,0.001,0.322,99.444,0.001,0.23
urn:li:member:43996601,0.002,0.003,0.0,0.0,99.99,0.004,0.0
urn:li:member:125329104,0.001,0.001,0.001,96.15,3.723,0.001,0.122
urn:li:member:4845382,0.003,94.728,0.003,4.309,0.939,0.015,0.003
urn:li:member:22710761,0.138,0.169,0.843,2.637,95.037,0.187,0.989
urn:li:member:163277756,0.003,0.003,0.003,97.99,0.879,0.003,1.12
urn:li:member:6113303,11.899,0.001,0.001,88.069,0.026,0.001,0.002
urn:li:member:51950068,0.0,0.0,0.033,99.967,0.0,0.0,0.0
urn:li:member:130606,0.017,0.017,0.017,22.093,68.377,0.017,9.464
urn:li:member:17926432,0.003,0.003,0.003,62.895,37.027,0.007,0.062
urn:li:member:2428017,1.606,8.227,1.099,40.922,46.877,1.098,0.17
urn:li:member:493851260,0.0,0.009,0.0,99.99,0.0,0.0,0.0
urn:li:member:368045,0.272,0.17,0.043,99.387,0.037,0.054,0.037
urn:li:member:273617445,0.002,0.002,0.002,15.786,9.69,0.002,74.517
urn:li:member:1372059,0.004,2.612,0.007,96.912,0.443,0.017,0.004
urn:li:member:13235667,0.002,0.018,0.001,99.978,0.0,0.0,0.0
urn:li:member:13868015,0.0,0.0,0.0,100.0,0.0,0.0,0.0
urn:li:member:78210009,0.0,0.0,0.0,99.979,0.019,0.001,0.001
urn:li:member:2626922,0.031,2.116,0.009,49.91,0.012,47.913,0.009
urn:li:member:14161254,0.001,0.0,0.0,99.991,0.0,0.0,0.008
urn:li:member:4557037,0.298,0.105,0.012,0.717,98.756,0.025,0.086
urn:li:member:249651735,0.002,0.341,0.004,99.145,0.002,0.002,0.505
urn:li:member:60374333,0.001,0.001,0.001,0.003,99.877,0.008,0.109
urn:li:member:58007780,0.0,0.0,0.0,100.0,0.0,0.0,0.0
urn:li:member:20714429,0.0,0.002,0.0,99.997,0.0,0.0,0.001
urn:li:member:16543747,0.018,0.018,0.02,62.811,34.49,2.625,0.018
urn:li:member:42146703,2.105,0.016,0.02,13.715,0.016,84.112,0.016
urn:li:member:161479315,0.003,0.009,0.003,99.912,0.026,0.003,0.045
urn:li:member:183022189,0.002,0.07,0.003,99.428,0.002,0.164,0.331
urn:li:member:578068994,0.005,0.0,0.0,0.0,99.993,0.0,0.002
urn:li:member:15466364,0.0,0.021,0.0,99.979,0.0,0.0,0.0
urn:li:member:6796112,0.0,0.126,0.004,0.001,99.868,0.0,0.0
urn:li:member:41905147,0.007,0.007,0.007,98.725,0.007,0.291,0.954
urn:li:member:10955231,0.003,0.016,0.001,99.966,0.001,0.012,0.001
urn:li:member:77613937,0.756,0.818,0.17,87.191,5.819,5.097,0.149
urn:li:member:13268206,0.688,0.159,0.017,0.195,98.331,0.015,0.595
urn:li:member:112738764,0.0,0.018,0.0,0.006,99.93,0.008,0.037
urn:li:member:15365839,0.0,0.014,0.006,99.979,0.0,0.0,0.0
urn:li:member:142653537,0.002,18.779,0.577,80.598,0.002,0.04,0.002
urn:li:member:2188945,0.001,0.254,0.001,99.58,0.156,0.003,0.005
urn:li:member:2017554,0.014,0.219,1.038,98.723,0.002,0.002,0.002
urn:li:member:103477329,0.001,0.001,0.001,93.812,6.165,0.002,0.018
urn:li:member:44704053,0.015,0.015,0.015,86.763,12.444,0.693,0.054
urn:li:member:53273196,0.004,0.022,0.004,25.462,74.074,0.004,0.429
urn:li:member:14242807,0.016,0.0,0.0,0.002,99.82,0.161,0.0
urn:li:member:51331763,0.0,0.0,0.0,100.0,0.0,0.0,0.0
urn:li:member:272211122,0.03,0.143,31.143,55.486,0.03,13.136,0.03
urn:li:member:94425939,0.037,0.002,0.005,99.936,0.002,0.015,0.002
urn:li:member:58372504,0.0,0.0,0.0,99.999,0.0,0.0,0.0
urn:li:member:24741309,0.02,0.0,0.0,0.195,99.775,0.01,0.0
urn:li:member:8135967,0.0,0.0,0.0,99.999,0.0,0.0,0.0
urn:li:member:32316122,0.001,0.0,0.0,8.236,91.762,0.0,0.0
urn:li:member:124509610,0.02,0.31,0.02,3.912,55.455,0.02,40.262
urn:li:member:166500070,0.012,0.792,0.012,45.812,53.312,0.049,0.012
urn:li:member:52731035,0.0,0.0,0.0,99.999,0.001,0.0,0.0
urn:li:member:1270493,0.001,0.003,0.005,99.991,0.0,0.0,0.0
urn:li:member:215953215,0.004,0.004,0.004,80.057,19.918,0.008,0.004
urn:li:member:111707579,0.002,0.027,0.42,99.516,0.002,0.03,0.003
urn:li:member:7182912,0.0,0.0,0.0,99.999,0.0,0.0,0.0
urn:li:member:10868250,0.009,0.009,0.009,65.741,34.084,0.069,0.08
urn:li:member:13202801,0.0,0.0,0.0,99.995,0.001,0.003,0.001
urn:li:member:141355924,0.0,0.0,0.001,99.999,0.0,0.0,0.0
urn:li:member:18170740,0.0,0.048,0.0,99.95,0.0,0.001,0.001
urn:li:member:61450602,1.365,0.004,0.211,0.972,97.44,0.004,0.004
urn:li:member:170931673,94.801,3.145,0.016,0.016,1.989,0.016,0.017
urn:li:member:26429669,0.017,1.138,0.017,9.495,89.274,0.017,0.043
urn:li:member:3592566,0.0,0.0,0.0,99.999,0.0,0.0,0.0
urn:li:member:17812447,0.39,0.004,0.001,99.599,0.001,0.001,0.004
urn:li:member:123070783,0.013,0.019,0.005,0.219,99.679,0.011,0.055
urn:li:member:46285169,0.0,0.004,0.0,99.987,0.008,0.0,0.0
urn:li:member:10018969,0.008,0.008,0.179,21.608,77.562,0.008,0.626
urn:li:member:13375182,0.0,0.003,0.0,20.811,79.185,0.0,0.0
urn:li:member:13154305,0.001,0.001,0.001,99.976,0.019,0.002,0.001
urn:li:member:208187200,0.001,0.001,0.01,0.071,99.695,0.21,0.012
urn:li:member:12171527,0.0,0.0,0.0,100.0,0.0,0.0,0.0
urn:li:member:48511770,0.0,0.0,0.007,99.965,0.005,0.023,0.0
urn:li:member:10430442,0.0,0.0,0.0,100.0,0.0,0.0,0.0
urn:li:member:100238291,0.346,0.054,0.02,70.579,28.903,0.02,0.079
urn:li:member:4105075,0.0,0.0,0.002,99.981,0.002,0.014,0.0
urn:li:member:14623073,0.001,0.001,0.002,0.592,99.402,0.001,0.001
urn:li:member:17564206,0.736,0.0,0.005,99.258,0.0,0.0,0.0
urn:li:member:25339857,0.001,0.001,0.027,99.74,0.227,0.001,0.004
urn:li:member:11380202,0.003,0.065,0.003,0.117,99.77,0.006,0.036
urn:li:member:246833900,0.004,4.624,0.005,94.878,0.48,0.004,0.004
urn:li:member:59074255,0.0,0.0,0.0,0.0,100.0,0.0,0.0
urn:li:member:5827891,0.0,0.0,0.0,0.0,99.999,0.0,0.0
urn:li:member:74653124,0.0,0.0,0.0,100.0,0.0,0.0,0.0
urn:li:member:59674392,0.021,0.009,0.019,99.949,0.001,0.001,0.001
urn:li:member:18782433,0.0,0.0,0.0,100.0,0.0,0.0,0.0
urn:li:member:265968783,0.067,0.902,0.067,33.835,22.616,42.445,0.067
urn:li:member:3049660,0.004,0.019,0.004,99.795,0.136,0.04,0.004
urn:li:member:32671672,0.001,0.001,0.088,99.883,0.001,0.026,0.001
urn:li:member:124203940,0.001,0.001,98.932,0.001,0.001,0.005,1.058
urn:li:member:84238641,0.0,0.0,0.0,100.0,0.0,0.0,0.0
urn:li:member:7429403,0.067,0.003,0.774,99.119,0.032,0.003,0.003
urn:li:member:5071710,0.006,0.001,0.02,99.965,0.001,0.003,0.004
urn:li:member:31188941,0.005,0.01,0.005,2.852,97.105,0.019,0.005
urn:li:member:43964171,0.001,0.0,0.0,0.0,99.988,0.006,0.004
urn:li:member:66142091,0.0,0.078,0.001,99.92,0.0,0.0,0.0
urn:li:member:11475712,0.001,0.008,0.0,99.989,0.0,0.002,0.0
urn:li:member:3049826,0.03,0.924,6.175,92.7,0.03,0.11,0.03
urn:li:member:1844974,0.003,0.0,0.001,99.995,0.0,0.0,0.0
urn:li:member:6784813,0.03,2.841,1.65,94.093,0.03,1.326,0.03
urn:li:member:4052230,2.22,0.117,78.131,0.117,4.499,7.013,7.904
urn:li:member:679945,0.002,0.002,0.002,99.784,0.002,0.007,0.204
urn:li:member:150949402,0.001,0.001,0.001,86.561,0.051,0.001,13.382
urn:li:member:1120943,0.018,0.0,0.001,99.973,0.0,0.0,0.007
urn:li:member:22053111,0.0,0.001,0.0,99.89,0.0,0.109,0.0
urn:li:member:15370247,0.014,15.921,0.002,84.054,0.002,0.002,0.005
urn:li:member:4743231,0.003,0.004,0.313,99.638,0.037,0.003,0.003
urn:li:member:26678364,0.027,0.027,0.614,94.665,3.551,0.236,0.88
urn:li:member:32476362,0.002,0.006,0.002,76.809,23.051,0.003,0.128
urn:li:member:431547666,0.0,0.0,0.02,99.801,0.0,0.0,0.178
urn:li:member:91283134,0.001,0.001,0.008,99.987,0.001,0.001,0.001
urn:li:member:18356847,0.0,0.0,0.001,98.77,1.228,0.0,0.0
urn:li:member:105991646,0.001,0.031,0.001,99.926,0.001,0.01,0.031
urn:li:member:141628895,0.0,0.0,0.0,99.984,0.0,0.0,0.016
urn:li:member:18171894,0.052,5.378,0.1,78.754,0.516,15.147,0.053
urn:li:member:171421547,5.161,2.451,0.201,56.469,33.086,0.201,2.43
urn:li:member:552031,0.0,0.0,0.0,100.0,0.0,0.0,0.0
urn:li:member:19068065,0.0,0.0,0.0,99.999,0.0,0.0,0.001
urn:li:member:24111379,0.0,0.0,0.0,99.961,0.039,0.0,0.0
urn:li:member:302725272,0.007,0.526,0.007,99.409,0.009,0.007,0.034
urn:li:member:24555627,0.0,0.0,0.0,99.999,0.001,0.0,0.0
urn:li:member:488700,0.001,0.001,0.013,99.712,0.007,0.001,0.265
urn:li:member:188896420,0.002,0.002,0.002,75.592,24.395,0.002,0.002
urn:li:member:62652854,0.001,0.0,0.0,99.999,0.0,0.0,0.0
urn:li:member:4448507,0.002,0.02,0.019,99.528,0.411,0.018,0.002
urn:li:member:280241,0.0,0.0,0.0,100.0,0.0,0.0,0.0
urn:li:member:167743667,0.14,1.078,0.109,1.08,1.837,95.647,0.109
urn:li:member:6073962,0.002,0.012,0.025,99.812,0.022,0.125,0.002
urn:li:member:46893129,0.001,0.0,0.034,99.955,0.0,0.009,0.0
urn:li:member:5804521,0.0,0.007,0.287,99.692,0.0,0.013,0.001
urn:li:member:141838185,0.001,0.001,0.001,99.167,0.828,0.001,0.001
urn:li:member:4008213,0.022,0.007,0.007,15.057,83.17,0.007,1.73
urn:li:member:44176385,0.002,0.002,0.148,99.537,0.002,0.233,0.075
urn:li:member:15064877,0.011,1.873,0.051,97.842,0.008,0.008,0.208
urn:li:member:74995043,0.0,0.0,0.0,99.935,0.064,0.0,0.0
urn:li:member:38708419,0.011,0.019,0.286,99.626,0.035,0.011,0.011
urn:li:member:211783535,0.0,0.0,0.0,100.0,0.0,0.0,0.0
urn:li:member:63103155,0.002,0.007,0.001,99.989,0.0,0.0,0.0
urn:li:member:2653193,0.04,96.146,0.065,1.396,2.267,0.045,0.04
urn:li:member:146435591,0.003,0.017,0.003,90.173,9.792,0.003,0.01
urn:li:member:229185377,0.022,0.03,0.022,94.046,4.722,0.022,1.136
urn:li:member:76592578,0.0,0.0,0.0,99.997,0.002,0.0,0.001
urn:li:member:1005266,0.0,0.0,0.0,100.0,0.0,0.0,0.0
urn:li:member:1339616,0.883,0.003,0.003,98.989,0.116,0.003,0.003
urn:li:member:20459336,0.001,0.607,0.001,99.19,0.2,0.001,0.001
urn:li:member:18837955,0.088,0.014,0.014,93.394,6.154,0.322,0.014
urn:li:member:8529913,0.0,0.0,0.0,99.999,0.0,0.0,0.001
urn:li:member:4380364,0.0,0.0,0.0,100.0,0.0,0.0,0.0
urn:li:member:1320162,0.009,0.755,0.009,99.141,0.01,0.018,0.058
urn:li:member:51344436,0.0,0.0,0.01,0.032,99.917,0.0,0.04
urn:li:member:8323478,0.591,0.001,0.001,0.363,98.549,0.001,0.493
urn:li:member:111411933,0.0,0.0,0.0,16.958,83.041,0.0,0.0
urn:li:member:115762542,0.003,0.436,0.036,0.002,99.464,0.057,0.002
urn:li:member:1677379,0.002,2.202,0.002,96.8,0.989,0.002,0.002
urn:li:member:11153703,0.0,0.289,0.0,99.686,0.0,0.0,0.024
urn:li:member:181487891,0.0,0.0,0.0,100.0,0.0,0.0,0.0
urn:li:member:118134220,0.001,0.001,0.001,0.018,99.96,0.004,0.016
urn:li:member:83081199,0.011,0.559,0.227,94.166,4.996,0.011,0.03
urn:li:member:17068639,0.055,0.213,0.698,0.018,98.827,0.15,0.038
urn:li:member:67227289,0.0,0.028,0.0,99.945,0.001,0.0,0.025
urn:li:member:4349246,0.001,0.063,0.001,99.908,0.023,0.001,0.001
urn:li:member:174439261,0.0,0.0,0.0,100.0,0.0,0.0,0.0
urn:li:member:86086981,0.0,0.0,0.078,99.917,0.0,0.004,0.0
urn:li:member:85845446,0.002,0.585,0.002,99.314,0.002,0.02,0.074
urn:li:member:100282986,0.005,0.005,0.007,1.312,98.576,0.091,0.005
urn:li:member:12736151,0.004,0.002,0.002,16.137,83.851,0.002,0.002
urn:li:member:99530,0.0,0.0,0.0,99.575,0.424,0.0,0.0
urn:li:member:189450436,0.107,1.209,0.352,0.01,52.478,45.833,0.01
urn:li:member:156376436,0.0,0.0,0.0,99.998,0.0,0.002,0.0
urn:li:member:24019491,0.003,0.009,0.032,99.929,0.003,0.004,0.021
urn:li:member:69963672,0.029,0.002,1.954,98.01,0.002,0.002,0.002
urn:li:member:7695158,2.016,0.045,0.217,0.018,97.696,0.004,0.004
urn:li:member:11343055,0.0,0.0,0.0,100.0,0.0,0.0,0.0
urn:li:member:8206983,0.003,0.444,0.004,99.063,0.41,0.075,0.003
urn:li:member:2687294,0.584,0.036,0.02,99.025,0.253,0.062,0.02
urn:li:member:85732936,0.001,0.001,0.103,99.774,0.107,0.013,0.001
urn:li:member:5594920,0.0,0.03,0.0,99.968,0.001,0.0,0.0
urn:li:member:7683224,0.0,0.01,0.002,99.986,0.0,0.0,0.002
urn:li:member:4185788,0.005,0.002,0.055,0.433,99.502,0.002,0.002
urn:li:member:222150985,0.018,76.067,0.965,22.725,0.131,0.018,0.077
urn:li:member:26259295,0.001,0.094,0.001,99.885,0.003,0.001,0.016
urn:li:member:32789667,0.003,0.003,0.003,82.883,17.089,0.015,0.003
urn:li:member:27568156,0.0,0.0,0.0,100.0,0.0,0.0,0.0
urn:li:member:28559677,0.001,0.002,0.0,99.997,0.0,0.0,0.0
urn:li:member:16154909,6.401,19.267,0.629,14.636,58.279,0.557,0.232
urn:li:member:19455224,0.91,0.61,71.992,0.798,2.373,23.099,0.218
urn:li:member:13128118,0.0,0.0,0.0,100.0,0.0,0.0,0.0
urn:li:member:90712896,0.013,0.003,0.021,99.902,0.003,0.015,0.044
urn:li:member:565804448,0.0,0.0,0.0,100.0,0.0,0.0,0.0
urn:li:member:47507379,0.356,3.043,12.248,79.869,2.816,1.073,0.594
urn:li:member:2744424,0.003,0.522,0.014,99.371,0.077,0.01,0.003
urn:li:member:8592768,0.051,0.051,0.051,88.255,9.221,0.56,1.811
urn:li:member:13344049,0.0,0.0,0.0,100.0,0.0,0.0,0.0
