m_urn,african,celtic_english,east_asian,european,greek,hispanic,jewish,muslim,nordic,south_asian
urn:li:member:149435456,0.0002908555092775,0.060387929712892,0.8776807733141504,0.052669905286885,3.1677755608094646e-08,0.0006379816968036,2.102663097939149e-08,1.0202539426065243e-06,0.0082837006330938,4.778088856839355e-05
urn:li:member:229333701,0.0002016356025953,0.9946984103142452,0.0004214889053364,0.0013974324469311,1.9432436489940654e-06,0.0024640452011237,1.4436319577915565e-08,5.001429354647403e-05,0.0002126101477765,0.0005524054084768
urn:li:member:40477324,0.002624117224946,0.0566494351693584,0.6587550193040295,0.1899181249331112,0.0351050104758895,0.0537951559796674,2.430497101700921e-07,0.0006792675549028,4.6989129497150825e-06,0.0024689273954349
urn:li:member:21247690,0.0009641958623636,0.0358172399089424,0.0015992180493782,0.9495486610452604,7.147699763568755e-05,0.00936043321447,0.0007814449337686,0.0014682539305572,0.0001668137274082,0.0002222623302154
urn:li:member:242690712,0.002614541909837,0.0116571902114341,0.9371505885509748,0.016067208744669,4.098947408103737e-05,0.0308965575040097,7.753338336220512e-05,0.0001905483085634,0.0007398925106758,0.0005649494023923
urn:li:member:13199963,0.0017984928768696,0.0561271797031602,0.0052655203057482,0.8014771691808223,0.0020726424453906,0.0161030073383262,0.0001057358260468,0.0033863279193049,0.1133405548937285,0.0003233695106022
urn:li:member:24792486,2.8044642873166537e-06,0.0006521539168513,1.4145407095091914e-05,0.9921134796768644,2.872897679289506e-05,0.0071857255530367,4.849244412893025e-10,6.426618385763779e-08,2.787802785961684e-06,1.0945117789569034e-07
urn:li:member:84059796,0.002278216392351,0.9942237576716024,0.0004398898568071,0.0020777731389759,1.289525093010502e-05,0.0003004146164162,2.5239499417971252e-08,7.683898485180174e-05,0.000196870084712,0.0003933187638536
urn:li:member:47179431,0.0415552550016337,0.6291280860457205,0.0440938591417284,0.1949213209072096,0.0008997475950715,0.0769691966402063,5.391256550197343e-06,0.0066498834759287,0.0024971281315133,0.0032801318044374
urn:li:member:218025869,0.0008136674252486,0.997425773597876,0.0003148571217961,0.0013376229351464,9.354632180841855e-06,3.931963909438003e-05,1.2441511149384623e-06,8.71208578210154e-06,2.7693784276541572e-05,2.175462748425192e-05
urn:li:member:1879318,0.0059173934710364,0.1521719812420193,0.0023801664834994,0.7550136649642318,0.001027655393434,0.0782680595442252,0.0002444663153656,5.39013511495562e-05,0.0043321331219695,0.0005905781130689
urn:li:member:21795435,0.0044930866744196,0.8328411679699651,0.0159785925644161,0.0170473173615416,0.0006625526119292,0.0609167295195515,5.38556433384872e-08,0.00317643787539,0.0620065933542335,0.0028774682129097
urn:li:member:283982908,0.3691117810064153,0.1453757988795885,0.0236418426879667,0.1033070590002612,8.387724910611088e-05,0.3553656189073791,8.870124337158596e-11,0.0005077645775893,0.0011544628025325,0.0014517948004595
urn:li:member:1532766,0.0054538719844853,0.4633282132337363,0.441537365904424,0.0091747174725553,1.0314675845512214e-07,0.0785368125201339,7.210792416220914e-08,0.000206225334755,0.0002762839784099,0.0014863343168172
urn:li:member:186396979,0.0027465845509406,0.082983167412557,0.2545227819483978,0.0835411819708874,0.0017574067558223,0.0061799811163934,0.0004390278726173,0.510091245443473,0.0052686905824606,0.0524699323464503
urn:li:member:24908241,0.0002624174905964,0.9864436064401012,0.0022517807465748,0.0085343052927434,0.0002192281351987,0.0015603183839344,4.290888498985745e-07,2.7609821205949754e-05,2.545619234591263e-05,0.0006748484084491
urn:li:member:21696284,3.311118383034754e-05,0.0399858886125873,0.0979210512508548,0.0018529728572864,1.1424842126703736e-07,0.0011983724333672,1.64467979335275e-05,5.811909923804759e-05,7.832277842307066e-08,0.8589338451937025
urn:li:member:10547356,0.056196226443015,0.3643939500890153,0.5023320889139576,0.0300162468313208,0.0001828170960318,0.0444714690194941,1.752839784204805e-08,0.0006821003093223,0.0005605238041171,0.0011645599653279
urn:li:member:159777730,3.039520584482717e-06,0.0028375225011872,8.719122803324754e-06,5.179927703270708e-05,1.1341933607575065e-07,3.0319955946480694e-06,2.6567272163635276e-14,2.843549270593748e-05,4.985902865431668e-06,0.9970623527678636
urn:li:member:31209534,0.0036808079657108,0.0838881153541087,0.0289490564713458,0.304963881757729,0.0010548207537343,0.0122108922983585,0.0020953582922835,0.5342827839925148,0.0099566393856538,0.0189176437285604
urn:li:member:16804582,0.0004613222365575,0.9963672703274036,0.000843399333246,0.0017849958291609,5.428032375980949e-05,0.0002554413216533,2.8025860795811985e-08,0.0001107869057468,5.100339585384019e-07,0.0001219656626528
urn:li:member:101909087,2.244920448870686e-05,0.0068648438343476,0.0002623256404588,0.9811954214763416,1.336305153317213e-06,0.005902674819233,1.5691108117407252e-07,0.000115812610133,0.0056258651874578,9.114011304876583e-06
urn:li:member:85576595,8.78014386445719e-07,0.0028445562439475,0.000237942162269,0.0001314266350219,2.024304986836361e-09,0.0003008095475447,7.625594201865548e-11,1.89469147148126e-05,1.4705551710291298e-07,0.9964652913260376
urn:li:member:14121021,0.0112601899187401,0.7927482730123838,0.0794058882367859,0.0401088228093837,0.0011671528230586,0.0633231737993268,9.09384959273712e-05,0.002084549605646,0.0003638666300693,0.0094471446686781
urn:li:member:46111897,0.0031708026383817,0.6626449244250504,0.13441735542208,0.1033597716277164,0.0001689588295887,0.0838736763119198,0.0001667302732393,0.002844492905796,0.0045009495834326,0.0048523379827946
urn:li:member:5341427,0.0002166554984693,0.0044794304593542,0.0007697214234268,0.0065997569276599,5.6400633231218e-07,0.0020362311293822,2.5086611873983636e-08,0.0001366217174114,0.9855756874231452,0.0001853063282063
urn:li:member:6898651,0.0008663755880036,0.0401163585845727,0.0003691542450515,0.010136819729463,6.711339623909872e-08,0.0060123105604124,1.4120657230999538e-08,3.140802944848676e-05,0.942403350200418,6.414182857673235e-05
urn:li:member:42001391,4.9779557980003396e-08,0.0015865745149717,5.690476169252124e-06,1.4063981057868754e-06,1.3759742130650387e-10,3.397752318507665e-07,5.183320225606626e-12,8.933441981532916e-06,1.3142211407970263e-06,0.9983956912500602
urn:li:member:154621,4.193183657848409e-06,0.0015674482729437,4.723108878744418e-06,1.2151474236080672e-06,4.762874265062153e-11,5.093712315830629e-07,1.79418351562894e-12,7.327287028289134e-06,3.459987217832656e-09,0.998414580119426
urn:li:member:480707795,0.0082517953818566,0.2778382155663178,0.1514792343541166,0.2800392193408372,9.831691515644036e-05,0.2742329928769921,4.8844800237537465e-05,0.0019027419042971,0.0015626808944899,0.0045459579656984
urn:li:member:2983031,2.1139954513536657e-05,0.0323609526593152,0.0064855313663115,0.014551023665757,9.350696498361608e-06,0.0002134428704624,3.522424608198369e-07,0.928905151904586,0.0040844912657209,0.0133685633743738
urn:li:member:158613083,0.0019361500613258,0.9923009898517998,0.0004010618850143,0.0039993485652113,6.669642350272797e-07,0.0003893775070828,3.9388790056061794e-05,5.802271659567993e-05,0.0007898778750744,8.511578360457337e-05
urn:li:member:116669284,0.0239546357622207,0.0687597505185233,0.0069969199506697,0.0687899819561229,0.0006299647574721,0.0063162482110158,8.215997752261341e-08,0.0011942049374052,0.8233351775836623,2.3034162930280372e-05
urn:li:member:42305978,0.0053680514554555,0.0264689328204565,0.8804219793361696,0.0449569349957637,9.88481296381037e-06,0.0400419966810818,1.5912407381156056e-08,0.0005157578227408,0.0019060722301456,0.0003103739328149
urn:li:member:100306125,2.0374160296177805e-05,0.0782237064531,0.0011763257587753,0.8272153899105518,2.5086869662528937e-06,0.093194089505344,5.223953551717697e-07,6.797676408541218e-06,5.202612567930806e-05,0.000108259327523
urn:li:member:138557403,0.0006260293082996,0.0007199844107434,0.0106552779650768,0.019886519762086,8.508772229481616e-06,0.9679186781751832,2.533873466867361e-06,2.679821701870236e-05,3.656053150312127e-05,0.0001191089843928
urn:li:member:17444339,3.2461394299439665e-06,0.0033781193807867,2.935417487153932e-06,2.6613316015063555e-06,4.660213068244336e-11,4.847138140278046e-07,1.7555108535399145e-12,4.733538055200712e-06,4.2004558817654214e-09,0.996607815230012
urn:li:member:154638431,0.0333497652269086,0.6374672932290899,0.1600999460866713,0.1017388070400618,0.0010965102230691,0.0478042258927219,0.0001957287550353,0.0041125891086575,0.0024271553796407,0.0117079790581435
urn:li:member:6455206,0.000720518960368,0.998919708654655,6.831296108190038e-05,0.0001092272834588,3.887419116086271e-08,9.065459454756182e-05,6.875364437114023e-08,4.32643569513975e-06,4.010565348279608e-06,8.313291700974534e-05
urn:li:member:24966215,9.378761522240348e-06,0.9980403671372794,0.0011913251675254,0.0003512495482137,4.157608355097164e-07,0.0003751380763305,1.2691721590949138e-10,2.592634702512845e-07,2.447530818026787e-07,3.1621404823896337e-05
urn:li:member:3820522,0.0180230244921982,0.9531664317581088,0.0050737643176106,0.0176432720981688,0.0001689376991112,0.0029607202786073,2.0888319553495516e-08,0.0020241835010222,0.0002182647497892,0.0007213802170637
urn:li:member:5498735,0.0028058784190114,0.9900971516555196,0.0010907320214302,0.0050389001230068,8.122571193122717e-08,0.0006859529059281,1.7342004594866838e-07,7.263515563058532e-05,7.250051046136583e-05,0.0001359945632538
urn:li:member:2702672,1.482868382514695e-05,0.76224554217709,0.0010098870510271,0.1854977018955159,1.1154598545923244e-05,0.0462986487056203,0.0043682356370296,0.0002147808269332,4.420410370166893e-05,0.0002950163207109
urn:li:member:1090350,0.0013351882351864,0.9888241021399528,0.0002969963072492,0.0090242473985642,2.272839995242538e-07,0.0005076839770782,8.687069873222606e-08,1.6977150469104842e-06,4.5973432046453184e-06,5.172729019176281e-06
urn:li:member:91345898,9.467853532939148e-05,0.1811454267149669,0.0284599455806126,0.7707593006641646,4.782090746839144e-05,0.0084894179303058,1.801422399738389e-06,0.0002387393442967,0.0069151105113162,0.0038477583891394
urn:li:member:31833116,3.802730977259549e-09,0.0010951843147155,2.5217699585419594e-06,3.309711553855066e-07,5.1016918554312734e-11,1.148924839844261e-07,1.9218167265042773e-12,8.524155401740455e-07,3.4974547249259275e-11,0.998900991745502
urn:li:member:23113746,0.057932017762249,0.8979646590737299,0.0041900806876745,0.0265168373655869,0.0002803006991091,0.0061236793513064,0.0001623434831548,0.000337065638516,0.0045311460484908,0.0019618698901821
urn:li:member:3845740,1.7078543970208856e-08,0.0002046097595526,3.2715360975187627e-06,1.753356781945774e-05,8.626152359168115e-09,1.5092132718824138e-05,3.2494874953246647e-10,4.3064886616643465e-08,0.9997587298331556,6.940761240869997e-07
urn:li:member:24877080,0.0001198336898998,0.0070033375106744,0.0115607015537806,0.0002135913578222,2.7921524787409823e-09,0.0004494563410595,1.0518089858528275e-10,0.0008260757750461,8.056005487941976e-07,0.9798261952738349
urn:li:member:147592966,0.0005479159558611,0.009094259679608,0.0058510171960833,0.0045276143212685,4.450978792176435e-07,0.9775376299734342,1.3587278746028538e-10,0.0019744166801186,0.0001028268259328,0.0003638741339411
urn:li:member:372531,0.0329889898224607,0.9624802248737614,0.0015821791593406,0.0009433600107559,3.1749941155348526e-06,0.0010278542578547,2.3946304313540225e-05,7.434013660962855e-05,4.746720669444823e-05,0.0008284632340932
urn:li:member:65398612,0.0009326241135164,0.0163764704287396,0.0022396564544724,0.9325418775858312,0.0123262620177608,0.0124185290774672,1.612615390487381e-07,0.0018696688789853,0.0203342036260842,0.0009605465556033
urn:li:member:11404065,0.0012447662034698,0.003481437581973,1.5557747039935374e-05,1.5397367013396872e-05,7.062917458593689e-10,7.274697624408521e-07,2.660614026579028e-11,9.875844907612574e-05,5.1308522474763184e-08,0.9951433031402448
urn:li:member:25239075,0.0003557022624712,0.9984873986267512,0.0002765899694145,0.0003039726718087,9.614296494348816e-06,0.0004815316660904,3.8872081027402345e-08,5.551565355508754e-06,4.075629477370485e-05,3.884377475905354e-05
urn:li:member:86971604,0.0346188573372911,0.3332453869760362,0.0233452406102585,0.258613130308123,8.37745434681114e-05,0.3214523367782509,0.0002779754470921,0.0063387028482924,0.0050035609388078,0.0170210342123795
urn:li:member:69595382,0.0003646488250307,0.0029375210784555,9.520422977637437e-05,0.9912094989602208,4.892078750447422e-06,0.0049416408556685,1.842855083451767e-07,0.0004014612744007,3.3537548768742093e-06,4.159465731167842e-05
urn:li:member:3231058,0.0037599776723665,0.0045832157674478,0.0012894526436633,0.9757871566037531,6.927859917908602e-05,0.0130625079492174,6.83648188075299e-05,0.000961347186206,0.0001373090603459,0.0002813896990129
urn:li:member:105834790,0.0008624083007079,0.9971022594936264,0.0003588232881127,0.0007018009694029,6.508383043474762e-07,0.0005654213678159,5.165183853200954e-08,8.438561442657192e-07,0.0002146850223862,0.0001930552116606
urn:li:member:158971528,0.0002610143279769,0.0072822190946546,8.23517246739911e-05,0.0051220958526627,3.666636226625525e-05,0.0003356650182302,5.862690591676832e-07,0.9867789698574936,7.313609018874869e-07,9.970013208050296e-05
urn:li:member:54595120,0.0008481628669627,0.0152077147048915,0.886807105667192,0.0045908189105737,1.1378836989360704e-05,0.0010593078698342,4.286428869873473e-07,0.0368899797196525,7.8007391117191e-06,0.0545773020419053
urn:li:member:8283083,0.0066572377321614,0.1401055763128573,0.0092232091915224,0.6113019397603321,0.1444929996775479,0.0802545047939409,3.560466773425308e-05,0.0011043753768088,0.0048059045932482,0.0020186478938465
urn:li:member:100951344,0.0003610572899226,0.1639312366877824,0.002306015062959,0.015078544151021,6.250396651581167e-07,0.0057712135195851,8.997849562636507e-05,0.0002729852758977,0.8114184130314712,0.0007699314460691
urn:li:member:53594141,1.9405830121045482e-07,0.0026169303035787,0.0001356908512687,5.420688631589914e-06,3.837452755109869e-10,4.228658779935601e-07,1.4455755268889383e-11,4.133775995896005e-05,2.7877153044147365e-08,0.9971999751970289
urn:li:member:17552893,0.0116056980034394,0.0726444686921104,0.5903319702659403,0.1040065721761149,0.0058618884248443,0.1322048852556157,0.0002208184175564,0.0292646767486124,0.0040186059741405,0.0498404160416253
urn:li:member:40171800,0.0096560944856999,0.3237811524514577,0.001704178699162,0.0025079755512215,8.486491162523851e-09,0.00094931211972,3.196876865094459e-10,0.3445549546801673,0.0021600462135553,0.3146862769928372
urn:li:member:1550137,0.0003352092927404,0.988283146089268,0.0009529755240003,0.0019573589504212,3.713269570782064e-05,0.000612221715247,5.624386565338561e-06,0.0002306537412736,0.0073954603430595,0.0001902172617162
urn:li:member:1170724,4.257883123287378e-05,0.0027620450990608,2.096904851097081e-06,2.4945236683332637e-06,5.190497910346175e-09,4.905678993727965e-07,1.9552701310976224e-10,0.0001483867623897,3.558335539597926e-09,0.9970418983665372
urn:li:member:11105192,0.0015149863749389,0.9962548725631551,0.0001785093998666,0.0011728461372944,1.927153601655923e-07,0.000690638142294,1.5294279085019616e-08,2.498685767014916e-07,6.3568940449523e-05,0.0001241205637852
urn:li:member:230968860,1.2959484051095344e-06,0.9997968731352248,0.0001069429202491,1.1613877191410658e-05,6.545668302635203e-07,1.4762637296259864e-05,2.465765316021772e-08,3.2678354328340044e-06,5.899899965785846e-05,5.565422059060806e-06
urn:li:member:124676237,3.1031134148173225e-08,0.0039376175919551,0.0003362825274037,0.0125071550602866,2.986699249231457e-07,0.9830192953970908,1.0299190968910666e-08,0.0001958944071426,2.832026839838408e-07,3.1318131870125944e-06
urn:li:member:97278338,3.1243533902350337e-06,0.9987979513307268,0.000326179224243,0.0004997233575443,4.041842358813707e-07,0.0001540245542494,1.007489357004399e-07,1.7188218270053683e-06,0.0002111225385291,5.65088631826498e-06
urn:li:member:64278544,0.0007658311655598,0.0057847311659397,0.9664112743944882,0.0069049342385198,4.382908791356959e-05,0.0185688960007597,7.465023235796284e-12,0.0007604545018256,0.0004435304037491,0.0003165190337793
urn:li:member:239316135,0.0004326024083479,0.0054953812036725,0.0008883429990747,0.0456047092511033,0.0001089044550693,0.9455154247298228,5.622923531779725e-08,0.00032968731046,0.0016122000421186,1.2691371095554276e-05
urn:li:member:5694882,0.012872377332897,0.973640286850434,0.0005457535436696,0.0060358367195841,3.644996895416874e-07,0.0058155778915159,5.496610105190979e-07,0.000843811718111,0.0001676192920708,7.782249101709505e-05
urn:li:member:10293152,1.6433755964219408e-06,0.0046908178531503,4.087767389329496e-05,3.823468800196348e-06,2.2226024730354927e-08,1.5272761320122066e-05,8.372584487834173e-10,0.0001564798120637,1.523700713651375e-08,0.9950910467548856
urn:li:member:87073592,0.0163912351160976,0.206392133667721,0.0552599431932969,0.2670989252372506,0.0002613454990581,0.404719028204866,4.539383870820939e-08,0.0036479824817503,0.0404960252278409,0.0057333359782795
urn:li:member:35344696,9.308809462770772e-07,0.0007805206378179,2.500346899290841e-06,5.7526399997603436e-08,3.344039812563303e-10,5.4720474897063016e-08,1.2597059618641167e-11,1.2175154871760134e-06,2.29249985577603e-10,0.9992147177957236
urn:li:member:12942701,0.0021995889075155,0.061051709775092,0.0288934904970346,0.8358098096687765,1.7005956302499045e-06,0.0498200902965267,0.0171522504573978,0.0001440132958494,0.0042864537146527,0.0006408927915241
urn:li:member:32888110,0.0843877614671882,0.5055849068937138,0.2066244546944607,0.05689991353483,0.0006524432970885,0.1070972099009926,0.0031828479965607,0.0148951612037906,0.0015625739116671,0.0191127270997073
urn:li:member:6802670,0.0195401159824964,0.9749370991176772,0.0008573496260068,0.0007461210267158,1.2300480063892263e-05,0.002896981117824,1.88509082588356e-09,1.567700560055434e-05,4.510505207801952e-06,0.0009898432533164
urn:li:member:513526,0.0065913080549769,0.912510701435986,0.0170759583573681,0.0259579308694844,2.054012381378948e-06,0.0218088600451713,0.0003983020515352,0.004905072098213,0.0006609878787913,0.0100888251960919
urn:li:member:139366364,0.0111167885056559,0.0081600303745167,0.0033951856035694,0.9416714145468766,2.2907815445117656e-05,0.0223188271944417,1.1827697447825113e-08,0.0001823181847602,6.799675390436159e-05,0.0130645191931324
urn:li:member:10754003,0.0073844855140733,0.986086246929776,0.0019247393352931,0.0011744319084771,0.0003100744782356,0.002449498247637,1.7743108251045068e-08,0.000244661819045,5.2582535248730245e-05,0.0003732614891056
urn:li:member:66918,5.838646183010135e-05,0.053395887402056,0.017550710100744,0.4313096288598659,2.9490249071452235e-05,0.0070314035183182,1.1109031188145546e-06,0.0022693264710614,0.4881033166516106,0.000250739382323
urn:li:member:99549278,0.0374839560000415,0.945953577352282,0.0019221206231299,0.0104241942516281,3.134728479319292e-05,0.0012426426752239,8.735737939650415e-10,0.0001109567760632,0.0021048145070363,0.0007263896562278
urn:li:member:34119363,3.182941656469709e-07,0.0010507772692583,5.032508312742034e-06,1.0405546607393927e-06,2.3477231301657447e-10,2.584573665671013e-07,7.166776135651415e-14,2.0719146138762285e-05,5.423726531081175e-08,0.998921799297988
urn:li:member:21062839,5.9410185508284605e-05,0.0010989055760518,0.0005993415728648,0.0076969593596716,8.3007833274847e-06,0.9904592378463816,5.364614458790098e-09,4.5142991489867095e-06,6.676257308338241e-05,6.5624393475612e-06
urn:li:member:32120722,2.8984680460881497e-06,0.0184257425426478,0.0115562852518,7.356234528078352e-05,1.041227944381658e-09,3.654446995567108e-05,3.9223248606950136e-11,0.001277882139358,2.2549220544585405e-07,0.9686268582102548
urn:li:member:75968497,0.0603955764508508,0.2551168969158766,0.0321799688662601,0.3868280881344744,0.0001766940158769,0.1514975189544886,0.0006588473845268,0.0030611683287888,0.0088121877457673,0.1012730532030894
urn:li:member:3004,0.0233392506761448,0.9105537166955796,0.0333958465925979,0.0115919107051525,0.0001063271216985,0.0032113664032075,1.0327121040043942e-08,8.833380318000208e-05,0.0162862285802602,0.0014270090950575
urn:li:member:3542018,2.9720232104656773e-09,0.008634033407307,1.4655939398406388e-05,3.2945371296030275e-05,1.5011306041768724e-09,1.0293831331021837e-06,5.654786658083468e-11,0.0031966718839127,5.381268363001657e-07,0.9881201213584146
urn:li:member:10255325,0.0312571656984198,0.8447802603867184,0.0268860426356252,0.0121550431799372,1.7746993779753102e-05,0.0129121109557914,9.493488707009192e-05,0.0019779103617867,0.0001757427297773,0.0697430421710937
urn:li:member:61481684,2.2598953137594268e-05,0.1525638843448123,0.0623703454669651,0.2893726309508547,1.5489488205466018e-07,0.006522824603822,2.229811841457432e-05,0.4685010144400466,0.0175465961185786,0.0030776521084863
urn:li:member:19646536,0.0021565775984061,0.9286165798023568,0.0106043495385219,0.0355217913001373,0.0001364808409505,0.0180197004325151,9.078885709312004e-05,0.0011135924362823,0.0012637851087677,0.0024763540849692
urn:li:member:242707540,0.0111731751213628,0.0927375772253604,0.116582889795308,0.397427737047841,0.00564342669379,0.1340346106542916,0.0002125889238759,0.1903361985781898,0.0038688399680502,0.0479829559919298
urn:li:member:67312981,2.5358374694535263e-05,0.0142473484142175,0.719699627066576,0.0088483591688651,1.231940029581912e-05,0.2569901395351612,4.283393449713771e-07,6.530465122538354e-05,1.064107861918758e-05,0.0001004739710001
urn:li:member:236952783,0.0011151974991155,0.0038428559103516,0.9818073297443228,0.0045365215423435,7.578249619621038e-05,0.0070917166301582,5.715109899355374e-05,0.0007603521103601,0.0004948062301281,0.0002182867380301
urn:li:member:13888058,0.0200610229777297,0.563960961328312,0.0368413784684364,0.0384424204026403,0.0023407428209624,0.3019765240145728,6.167541684647902e-07,0.008328811156382,0.007879708089552,0.0201678139872437
urn:li:member:10460759,0.046863547690697,0.4629586652309529,0.0645976843958698,0.2661433510631818,0.0059943871141311,0.1201197467301849,0.0010328312500063,0.0085721618486229,0.0134171799380511,0.0103004447383019
urn:li:member:7605808,0.032142377495932,0.6332315556051779,0.0371268885897106,0.2065921014534558,0.0001834245422484,0.0641634447684113,0.0001220164269034,0.0057581813959323,0.0008237936779544,0.0198562160442734
urn:li:member:16187178,7.69396448312868e-05,0.0005789712133158,7.994469880610515e-06,0.0024471204902292,1.8092024958787359e-09,0.9967183594278668,8.922959654063584e-09,0.0001312238679906,3.272492323487358e-05,6.655230488323929e-06
urn:li:member:7253113,2.521659258734906e-07,0.0016473918363255,1.4030157928588182e-05,3.0381233745498817e-07,3.8498098835114316e-10,4.972525293543431e-06,1.4502304799371907e-11,4.7341945205511706e-05,6.913615095866963e-08,0.9982856380213492
urn:li:member:185634643,0.0002026537172789,0.0447903879786757,0.0057064768020682,0.8955528517012789,9.989201307155287e-06,0.052156598452298,1.54727724453113e-05,0.000525646347688,3.3445343632218074e-05,0.0010064776833273
urn:li:member:2307004,0.1391562031587809,0.2751759542449722,0.0090041762785376,0.5338432159263132,5.5174536463442375e-06,0.0239716775884111,9.506557447669254e-07,0.0024440177843873,0.0032350663161411,0.0131632205930653
urn:li:member:108443043,0.0033998973114343,0.0249175322227739,0.0091406136099459,0.93861752533488,0.0003818487499145,0.0185721741885237,1.9715504936032606e-07,0.0004027436459934,0.0037697383020567,0.0007977294794279
urn:li:member:3407867,0.0001321028856355,0.1001693904144667,0.0046384863651474,0.0035553568350393,2.44356975005494e-06,0.8905291049519496,2.7247464104999937e-05,0.0006302482023607,0.0001169301897799,0.0001986891217657
urn:li:member:7694960,4.109640095964808e-08,0.009065430340734,0.990692198989865,0.0002063195236317,2.0757262253138773e-08,3.2760146015567406e-05,7.819298955119995e-10,1.5973077943045594e-06,1.4230099935667276e-08,1.6168262662102744e-06
urn:li:member:298522364,0.0009686437380715,0.8778787323545751,0.0048872354421751,0.0427285750706358,3.853258510386322e-06,0.0728284932395475,1.831459833140577e-10,5.215652662027253e-05,0.0003684230433092,0.000283887143409
urn:li:member:8425313,0.0333556076695138,0.3268316540660707,0.0297230736349802,0.5303410305656809,0.001695903260791,0.050744573105491,4.054081263892524e-05,0.0051649122375904,0.0152758611348265,0.0068268435124164
urn:li:member:115601422,1.6714131223957725e-06,0.0009793325112171,1.0738861652920478e-05,2.6143233501072868e-06,3.894430937242371e-11,1.4870319372189473e-07,1.4670393131330008e-12,1.4145327308329902e-05,5.631515948859918e-09,0.9989913431882282
urn:li:member:71679226,0.0017865486034241,0.012473237886211,0.9645391029089024,0.0081190941974028,0.0001043595683951,0.0104578068990746,7.870239598382072e-05,0.001114894352072,0.0010027879325335,0.0003234652560005
urn:li:member:87050505,0.0019225741582531,0.9936774937696824,0.0023928908159669,0.0007876556956402,1.0483054777037368e-06,0.0011323161831338,5.412580720707775e-10,1.7648663296808498e-05,1.0437873242064412e-06,6.732807996668753e-05
urn:li:member:17857755,0.0007840171075637,0.998785101544056,0.0001026604854502,6.953557656817052e-05,5.4310511839894475e-09,9.96749041722677e-05,2.347797610621672e-05,4.758976516694799e-06,1.4918786757391508e-05,0.0001158492117581
urn:li:member:29791326,0.0052702161653803,0.9919958465945712,0.0009424865595973,0.0007027188924035,8.602998557854144e-09,0.0004900783437209,7.220594014654756e-10,3.9397167850555424e-05,7.849443171414379e-05,0.0004807525197041
urn:li:member:126961764,4.524736228203331e-05,0.0457424941031449,0.7334110648524258,0.0173371729957031,3.683881974670877e-08,0.2031999358895018,6.497597497616875e-06,2.388535728006856e-05,0.0002100612072625,2.3603796082196502e-05
urn:li:member:4660262,0.0003453176241671,0.0971784228500816,0.0007305849644859,0.0282666575103999,1.240497925983825e-07,0.0055207638843219,4.6729785547740535e-09,0.0256884416572179,0.002360638340971,0.8399090444455835
urn:li:member:6754276,0.0044699067685722,0.9216983190528996,0.001047851424088,0.0297746678681792,3.058889611166245e-09,0.0123176322748805,0.0260948795991253,0.0001985968385875,0.0038857245285479,0.00051241858623
urn:li:member:3396732,0.0007805558946104,0.9420041168233272,0.0023654940585768,0.049445413698595,1.4070701813089637e-07,0.0034559913948932,9.360016594352512e-08,0.0011721072367797,0.0003304494734765,0.0004456371125569
urn:li:member:60618215,0.0015965842385941,0.8105001440879208,0.0022247443838967,0.1446818467483216,1.2502419501309335e-06,0.0348244530188641,6.45521331274702e-10,0.000143293191542,0.0058115577430597,0.000216125700329
urn:li:member:225510910,1.3120284894373527e-05,0.8301431940056743,0.0007481187225451,0.1275261877703001,1.1376000957237422e-08,0.0414751052409706,4.285360531344632e-10,5.787064024459855e-06,5.095650892988634e-06,8.33794561609794e-05
urn:li:member:21633329,0.0175124146958163,0.8127629504348275,0.1310126826242079,0.0188613460277504,0.000159235623427,0.0181137099963021,2.5492303246597733e-05,0.0002065807570312,0.00035619497195,0.0009893925654406
urn:li:member:6367286,0.0126690533730163,0.9204908789148027,0.0050235435700035,0.013057164139903,7.711547052251901e-06,0.0430850844882115,0.0043743890049232,0.0001188931365792,0.0009243397283905,0.0002489420971171
urn:li:member:382068939,0.029525564963443,0.9168999106683644,0.0157157474384111,0.0162014985774541,0.0003061943962482,0.0139458341518955,6.121750936006207e-05,0.001794206426532,0.0010551137400253,0.0044947121282659
urn:li:member:2382403,0.0133823579986362,0.7296357902244838,0.0155847990483379,0.0400467769027309,0.0003900250195525,0.1658757884710276,0.0182512757546987,0.0046187064991414,0.0083630138978763,0.0038514661835146
urn:li:member:13610301,0.0001760732240425,0.0381061938609496,0.0071306582202712,0.0016068816683099,6.580334755987341e-08,0.0002137882646853,0.0001145083625241,0.7888954776597117,7.271731982239207e-05,0.1636836356163356
urn:li:member:419081,0.0013323170293042,0.0233939372043163,0.0166908031208396,0.0270578306862095,0.0001081651519839,0.002277204168273,0.0001084051767348,0.9230998058154226,0.0027080642896335,0.0032234673572823
urn:li:member:7312590,0.0004706869043425,0.9845719618081896,0.0012424081163637,0.0002103285993864,1.301042172899299e-06,0.0007783204289307,4.9010498489897e-08,0.000100117480723,0.0124265201517402,0.0001983064576519
urn:li:member:19496343,7.211185517823518e-08,0.0008150657487697,6.821127289722463e-06,2.338291534918671e-06,4.902320371167614e-10,7.709278033649584e-07,1.8467131208566777e-11,0.0003278678446243,3.3607759996299117e-10,0.998847063103346
urn:li:member:206866,0.0035602788696855,0.3340720646258655,0.004425421636689,0.6551594417044496,2.1995770002023905e-07,0.0027161337493564,1.5836308506396846e-05,1.692613141246528e-05,3.180683688322475e-05,1.870179451745344e-06
urn:li:member:4592614,0.0009466424083599,0.0017681852203687,0.0001347437114708,0.9963444656797876,2.592120149407604e-05,0.0005448970892032,2.557930247456485e-05,7.847145646185059e-05,7.694132001022873e-05,5.4152610369012175e-05
urn:li:member:41192532,0.1299101006318128,0.7769934307064185,0.0105172747127731,0.0631788787112861,0.0002234854893621,0.0117290851416974,0.0002583587610154,0.0005368512412144,0.0047874069744332,0.0018651276299866
urn:li:member:19221421,0.000107261756583,0.2232668580488297,0.0024615637107109,0.0020331625350392,3.297632870683052e-07,0.0008336066206832,1.0066517749936927e-10,0.0078953994029478,7.618214712237535e-05,0.7633256359141315
urn:li:member:454853507,0.000594781173937,0.0037393779997229,0.9682433079245576,0.0056673443732995,1.6305484004143684e-06,0.009657305690212,6.142305882224292e-08,0.0017674961435294,0.0005845206604327,0.0097441740628496
urn:li:member:12070921,0.0172229850986385,0.450130395350903,0.0306102299631621,0.2984621832585425,0.0001957554204203,0.1935833690686914,0.0005754615413086,0.0019106130553901,0.0020272828972104,0.0052817243457325
urn:li:member:45773615,0.0025914087705826,0.946560333201388,0.0011364051123758,0.0300502890105463,8.961968469532955e-10,0.0186322455097305,3.375990043149402e-11,0.0004647028047738,3.230632931788585e-07,0.000564291597353
urn:li:member:139182161,0.0003374919024433,0.0252586592105995,0.0040898609623551,0.0754897182765777,1.3077468550220513e-05,7.766179278732898e-05,0.0026054337145011,0.8914932756236894,0.0006065024735164,2.8318574979408977e-05
urn:li:member:193252816,0.0083322847715104,0.0299689663726734,0.0112373052318313,0.2572526917978197,0.0005154314010154,0.6745360848422286,0.0020459548141418,0.0044947914814784,0.0013941587916749,0.0102223304956255
urn:li:member:14088691,7.224693037914542e-07,0.0006910840180373,2.590696256407144e-06,0.7886282717124065,7.176171938585434e-07,0.2106719107564467,1.8653738821493647e-10,1.4500521447243755e-06,1.7850580768147617e-06,1.4674335964655086e-06
urn:li:member:6565592,0.0474811870402066,0.2573076955421549,0.4115305293237044,0.1807219488052012,0.0001684921911734,0.0384588178969633,0.000406620299521,0.0180279656396243,0.0014044295950108,0.0444923136664398
urn:li:member:17091271,0.0067856742819659,0.5040751783345849,0.1780852972396266,0.2189807023782016,0.0005300834811013,0.0739366821245233,0.0002013409225423,0.0060256410841178,0.0018017278632502,0.0095776722900857
urn:li:member:590239703,2.247268175512643e-06,0.0029157935653447,6.224723710294177e-05,9.29144127255908e-06,7.601569060859047e-12,1.292788888029428e-06,5.40660789395603e-06,4.071838892182708e-05,1.972381214397665e-08,0.9969629829709868
urn:li:member:82095361,8.961161421532181e-09,0.002170851115905,1.5909393846767783e-05,7.317075536609413e-07,4.526167094342225e-09,7.534804479104229e-07,1.705015488067894e-10,9.996969856992478e-07,3.2880314324221426e-07,0.9978104121442872
urn:li:member:30732220,0.0380032790356075,0.5078413379805077,0.0628976499328291,0.1570608801448225,0.0004319430007262,0.2121516282242759,0.00126978136504,0.0042158522844455,0.0044732894550837,0.0116543585766617
urn:li:member:193852426,0.0002715154609722,0.2001712891982398,0.0044323946337734,0.5602638273443031,0.0010463062755832,0.1938845279554598,0.0397748455546819,1.9788098114789267e-05,7.683650254379374e-05,5.866897632789969e-05
urn:li:member:130670332,0.0002557995789244,0.0194357847011563,0.9260965823363322,0.0267843159118653,7.955318165734215e-09,0.0153654558752588,2.9967830180286157e-10,0.0004086427596397,0.0012011021552821,0.0104523084265444
urn:li:member:24553630,9.084794008125772e-06,0.0006456435106312,5.76422206382517e-05,0.0005433427288304,5.988915965759587e-07,0.9987050981318346,1.994699496050287e-06,1.969643613500028e-05,9.282884548251648e-06,7.615702281652868e-06
urn:li:member:59976328,6.215162507580588e-06,0.0007466348390604,0.0002205011079316,0.0013005230819074,3.255409058092645e-06,0.9977083289284376,2.957275994504311e-07,5.340817757040113e-06,2.6629717093541165e-06,6.241954031555468e-06
urn:li:member:57650945,0.005443549545716,0.5343270412493997,0.076232421448348,0.0408533278789148,0.0002314208784247,0.32650161539325,0.0001540561712361,0.0045460417540486,0.0071889053805841,0.0045216203000776
urn:li:member:24851768,0.0008872948253331,0.2830369181229686,0.154880191621634,0.3056021034438372,3.242518971816176e-07,0.1297510295552607,7.001112408409526e-05,0.0387152967833879,9.355416951829836e-05,0.0869632761020788
urn:li:member:32330,5.277416503746458e-05,0.9982006709853514,0.0002242643564608,0.0009414472962008,0.000243480966435,0.0002331149750519,5.358437258460121e-07,1.823250214295604e-05,3.2144762241505634e-05,5.333414735210797e-05
urn:li:member:7560092,0.0041476311809405,0.0079500517582031,0.0045136530998855,0.0223938581281133,8.284268966530535e-05,0.958975552479194,1.6531265339944706e-05,0.0009925032506195,0.0003801775740756,0.0005471985739626
urn:li:member:230067906,0.0001169637388347,0.0899617353207582,0.00965196125473,0.34964135935067,0.0043102130660017,0.0055835142737821,2.225436825369413e-06,0.5401892293067903,4.050003537054288e-05,0.0005022982162365
urn:li:member:13064916,5.6714531167722875e-08,0.0001053359969914,3.694940736666249e-06,0.0002030077894885,2.497129246213134e-09,0.9996815612661504,2.4641922683084602e-09,1.3809343569907104e-07,6.155614083862957e-06,4.462326056184618e-08
urn:li:member:111180990,0.0071449749545179,0.989473215630516,0.0007096123490248,0.0015751403375574,3.5593238031298938e-06,0.0008951324786188,3.7069439282309457e-07,0.0001353439722851,5.411642175844831e-05,8.533837525607379e-06
urn:li:member:12596202,5.382834488889448e-06,0.0033082885321527,1.7181891471405576e-05,7.380779700844211e-06,2.069772928765064e-09,2.5852464966378293e-06,1.2075821945455222e-09,0.000480029736087,1.267682734989096e-06,0.9961778800195124
urn:li:member:55350201,0.014733704562305,0.0679517002851916,0.8395261924554746,0.0363942714029918,0.0002082301012413,0.0033984594868124,0.0028495036230699,0.0043496792145831,0.0007923167491883,0.0297959421191418
urn:li:member:10723448,0.001059020049568,0.4688296594007713,0.0080655410404511,0.285803801896509,0.0002881077738954,0.2326487807971441,5.08262102241679e-05,0.00059350836907,0.0012875656897133,0.001373188772653
urn:li:member:106143766,0.0033584419016965,0.0979253635553137,0.0005478457427825,0.0005015188527584,3.869781737920733e-08,4.727924829121088e-05,1.4577539143096994e-09,0.243894676387936,0.0087672479745454,0.6449575861811048
urn:li:member:4101709,0.002918271870849,0.1276932850223895,0.6945697631085084,0.04126097683591,5.669905910543583e-05,0.1238027386014724,0.0047878261598311,0.0007792182278844,0.0025032433708032,0.0016279777432463
urn:li:member:42885384,0.0067801474541883,0.1497337492893696,0.001953864155827,0.7977623915192117,0.0002095520548841,0.0384447187013448,0.0003160018994496,0.0019716316329766,0.0004568517882186,0.0023710915045292
urn:li:member:102496183,0.0001709825878525,0.0005828310430049,0.0004860835836484,0.957330551644929,6.078326550666025e-06,0.0411131551158718,2.1708898861428066e-07,3.841969966275169e-05,0.0002410617405781,3.061916891315827e-05
urn:li:member:46011921,0.0101732713940025,0.7329255631546168,0.0013911998177184,0.0147426046394335,1.3847710761102112e-05,0.2405814919522192,7.28675459305884e-07,2.699741274491949e-05,8.66739485162494e-05,5.7621294527962345e-05
urn:li:member:3072570,0.0019903429207259,0.4455392608214811,0.5409257992444138,0.0058699577843714,2.881902397821292e-07,0.0052625129394103,5.9880522236634304e-05,4.25657484556516e-05,0.000161450556271,0.0001479412723941
urn:li:member:7591797,0.0001097308243004,0.1067077802681926,0.0822089785516429,0.0309117617475825,5.542362455275669e-05,0.0012499852254765,2.087818153806876e-06,0.0002766948701886,0.0049955760891656,0.773481980980744
urn:li:member:3642425,0.0053877619995778,0.9442133715288478,0.0070102654147519,0.0127161333091619,5.2962394086185134e-08,0.027948505675173,4.928832659909902e-06,0.0009440488129672,1.528087526241554e-05,0.0017596505892036
urn:li:member:175011710,0.0001328979696386,0.0115543318618788,0.8198018541366064,0.0126033656908833,6.712505096026395e-05,0.1067613448086239,2.528613043642598e-06,0.015855331566291,4.601744544644255e-05,0.0331752028566277
urn:li:member:231715763,0.0054751082165028,0.98676178986306,0.0015666235228519,0.0023911688486916,0.000107511709556,0.0030425006820223,3.649496255570085e-08,0.0001177969788554,7.638183421271383e-05,0.0004610818492843
urn:li:member:182837358,0.0001206765521995,0.2627601180660809,0.0096601403775312,0.5937673800328758,0.0025854269502075,0.0890471089996645,0.000234951922218,0.0004779289377065,0.0413323912773087,1.3876884207060528e-05
urn:li:member:4061200,0.0206403654820874,0.7994318773418416,0.0436783830352496,0.0669010906144338,0.001426851861997,0.0526883748171404,0.0028842425895828,0.0044542580722097,0.0015078645559895,0.0063866916294677
urn:li:member:111264467,0.0033347541303754,0.9899797004070774,0.0013170371631844,0.0003248917249852,8.875715520942864e-08,0.0041412283079936,3.3434983984150593e-09,0.0004272311238914,6.084729157597433e-08,0.000475004194547
urn:li:member:4750580,0.0747835629676526,0.5367489863223721,0.0433917466498146,0.2303864092585242,0.0090887585228597,0.0771369470139417,0.002998442904957,0.0074209263937747,0.0113918542141521,0.0066523657519506
urn:li:member:4349261,0.000891511497318,0.9972828583089184,0.0001128223682402,0.0012334585677947,2.7133774512546988e-06,0.0004016532357484,3.615434043198246e-07,6.55618057602584e-05,1.0860681279204417e-06,7.973227236154665e-06
urn:li:member:2325600,4.1511852856912433e-07,0.0013579858623436,1.3981078670834404e-05,4.861936467803325e-05,2.6028946253716603e-08,1.6457569936395168e-06,3.989025431156309e-12,1.0365419685679187e-05,2.558179047005472e-07,0.9985667055482594
urn:li:member:14329684,0.0257343853127686,0.4630436899020369,0.081741423897003,0.3302506997956746,0.0007651668467168,0.0297280711243149,0.0001457073923067,0.0224023092397194,0.0024406126328955,0.0437479338565632
urn:li:member:3119336,0.0334727977783825,0.3609068579399968,0.1449145968025842,0.3384204681624055,0.0009070134889709,0.059353708052998,0.0003138167380739,0.0115052338141723,0.0016041910957859,0.0486013161266297
urn:li:member:32857572,1.0955503959885273e-07,0.0025566248088619,9.040588202831904e-06,4.963658772702284e-06,5.5334837966450064e-08,1.2479827956102564e-06,2.084473546733604e-09,8.239974359260572e-06,3.79346883314283e-08,0.9974196780779684
urn:li:member:118400757,1.6108496580643836e-05,0.010199838769419,0.0019092875556802,0.0063948986460771,7.643971086131802e-07,0.9787208911931212,3.996006439627551e-11,0.0004173450557675,0.002328490778591,1.2375067694459414e-05
urn:li:member:47940214,0.0003101059704182,0.0120143897246095,0.0011641883175697,0.0004757211676504,7.149644380049564e-07,0.0002733668384001,2.6932842177656405e-08,0.0018304008739571,4.901424513109997e-07,0.9839305950676632
urn:li:member:158662900,0.0003269404278144,0.023772935937494,0.0033369565321402,0.0060438959927402,4.913208427636401e-06,0.966025395486718,9.497975871278792e-06,0.0003549616657548,3.514222692499627e-05,8.936054611425618e-05
